0	4000.000
0.1	3999.951
0.2	3999.804
0.3	3999.559
0.4	3999.217
0.5	3998.780
0.6	3998.251
0.7	3997.634
0.8	3996.932
0.9	3996.152
1	3995.298
1.1	3994.377
1.2	3993.394
1.3	3992.355
1.4	3991.267
1.5	3990.135
1.6	3988.964
1.7	3987.759
1.8	3986.525
1.9	3985.265
2	3983.983
2.1	3982.683
2.2	3981.367
2.3	3980.037
2.4	3978.696
2.5	3977.345
2.6	3975.987
2.7	3974.621
2.8	3973.250
2.9	3971.874
3	3970.494
3.1	3969.111
3.2	3967.724
3.3	3966.336
3.4	3964.946
3.5	3963.554
3.6	3962.160
3.7	3960.766
3.8	3959.370
3.9	3957.974
4	3956.578
4.1	3955.180
4.2	3953.782
4.3	3952.384
4.4	3950.986
4.5	3949.587
4.6	3948.188
4.7	3946.789
4.8	3945.390
4.9	3943.990
5	3942.591
5.1	3941.191
5.2	3939.792
5.3	3938.392
5.4	3936.992
5.5	3935.592
5.6	3934.192
5.7	3932.793
5.8	3931.393
5.9	3929.993
6	3928.593
6.1	3927.193
6.2	3925.793
6.3	3924.393
6.4	3922.993
6.5	3921.593
6.6	3920.193
6.7	3918.793
6.8	3917.393
6.9	3915.993
7	3914.593
7.1	3913.193
7.2	3911.793
7.3	3910.393
7.4	3908.993
7.5	3907.593
7.6	3906.193
7.7	3904.793
7.8	3903.393
7.9	3901.993
8	3900.593
8.1	3899.193
8.2	3897.793
8.3	3896.393
8.4	3894.993
8.5	3893.593
8.6	3892.193
8.7	3890.793
8.8	3889.393
8.9	3887.993
9	3886.593
9.1	3885.193
9.2	3883.793
9.3	3882.393
9.4	3880.993
9.5	3879.593
9.6	3878.193
9.7	3876.793
9.8	3875.393
9.9	3873.993
10	3872.593
10.1	3871.193
10.2	3869.793
10.3	3868.393
10.4	3866.993
10.5	3865.593
10.6	3864.193
10.7	3862.793
10.8	3861.393
10.9	3859.993
11	3858.593
11.1	3857.193
11.2	3855.793
11.3	3854.393
11.4	3852.993
11.5	3851.593
11.6	3850.193
11.7	3848.793
11.8	3847.393
11.9	3845.993
12	3844.593
12.1	3843.193
12.2	3841.793
12.3	3840.393
12.4	3838.993
12.5	3837.593
12.6	3836.193
12.7	3834.793
12.8	3833.393
12.9	3831.993
13	3830.593
13.1	3829.193
13.2	3827.793
13.3	3826.393
13.4	3824.993
13.5	3823.593
13.6	3822.193
13.7	3820.793
13.8	3819.393
13.9	3817.993
14	3816.593
14.1	3815.193
14.2	3813.793
14.3	3812.393
14.4	3810.993
14.5	3809.593
14.6	3808.193
14.7	3806.793
14.8	3805.393
14.9	3803.993
15	3802.593
15.1	3801.193
15.2	3799.793
15.3	3798.393
15.4	3796.993
15.5	3795.593
15.6	3794.193
15.7	3792.793
15.8	3791.393
15.9	3789.993
16	3788.593
16.1	3787.193
16.2	3785.793
16.3	3784.393
16.4	3782.993
16.5	3781.593
16.6	3780.193
16.7	3778.793
16.8	3777.393
16.9	3775.993
17	3774.593
17.1	3773.193
17.2	3771.793
17.3	3770.393
17.4	3768.993
17.5	3767.593
17.6	3766.193
17.7	3764.793
17.8	3763.393
17.9	3761.993
18	3760.593
18.1	3759.193
18.2	3757.793
18.3	3756.393
18.4	3754.993
18.5	3753.593
18.6	3752.193
18.7	3750.793
18.8	3749.393
18.9	3747.993
19	3746.593
19.1	3745.193
19.2	3743.793
19.3	3742.393
19.4	3740.993
19.5	3739.593
19.6	3738.193
19.7	3736.793
19.8	3735.393
19.9	3733.993
20	3732.593
20.1	3731.193
20.2	3729.793
20.3	3728.393
20.4	3726.993
20.5	3725.593
20.6	3724.193
20.7	3722.793
20.8	3721.393
20.9	3719.993
21	3718.593
21.1	3717.193
21.2	3715.793
21.3	3714.393
21.4	3712.993
21.5	3711.593
21.6	3710.193
21.7	3708.793
21.8	3707.393
21.9	3705.993
22	3704.593
22.1	3703.193
22.2	3701.793
22.3	3700.393
22.4	3698.993
22.5	3697.593
22.6	3696.193
22.7	3694.793
22.8	3693.393
22.9	3691.993
23	3690.593
23.1	3689.193
23.2	3687.793
23.3	3686.393
23.4	3684.993
23.5	3683.593
23.6	3682.193
23.7	3680.793
23.8	3679.393
23.9	3677.993
24	3676.593
24.1	3675.193
24.2	3673.793
24.3	3672.393
24.4	3670.993
24.5	3669.593
24.6	3668.193
24.7	3666.793
24.8	3665.393
24.9	3663.993
25	3662.593
25.1	3661.193
25.2	3659.793
25.3	3658.393
25.4	3656.993
25.5	3655.593
25.6	3654.193
25.7	3652.793
25.8	3651.393
25.9	3649.993
26	3648.593
26.1	3647.193
26.2	3645.793
26.3	3644.393
26.4	3642.993
26.5	3641.593
26.6	3640.193
26.7	3638.793
26.8	3637.393
26.9	3635.993
27	3634.593
27.1	3633.193
27.2	3631.793
27.3	3630.393
27.4	3628.993
27.5	3627.593
27.6	3626.193
27.7	3624.793
27.8	3623.393
27.9	3621.993
28	3620.593
28.1	3619.193
28.2	3617.793
28.3	3616.393
28.4	3614.993
28.5	3613.593
28.6	3612.193
28.7	3610.793
28.8	3609.393
28.9	3607.993
29	3606.593
29.1	3605.193
29.2	3603.793
29.3	3602.393
29.4	3600.993
29.5	3599.593
29.6	3598.193
29.7	3596.793
29.8	3595.393
29.9	3593.993
30	3592.593
30.1	3591.193
30.2	3589.793
30.3	3588.393
30.4	3586.993
30.5	3585.593
30.6	3584.193
30.7	3582.793
30.8	3581.393
30.9	3579.993
31	3578.593
31.1	3577.193
31.2	3575.793
31.3	3574.393
31.4	3572.993
31.5	3571.593
31.6	3570.193
31.7	3568.793
31.8	3567.393
31.9	3565.993
32	3564.593
32.1	3563.193
32.2	3561.793
32.3	3560.393
32.4	3558.993
32.5	3557.593
32.6	3556.193
32.7	3554.793
32.8	3553.393
32.9	3551.993
33	3550.593
33.1	3549.193
33.2	3547.793
33.3	3546.393
33.4	3544.993
33.5	3543.593
33.6	3542.193
33.7	3540.793
33.8	3539.393
33.9	3537.993
34	3536.593
34.1	3535.193
34.2	3533.793
34.3	3532.393
34.4	3530.993
34.5	3529.593
34.6	3528.193
34.7	3526.793
34.8	3525.393
34.9	3523.993
35	3522.593
35.1	3521.193
35.2	3519.793
35.3	3518.393
35.4	3516.993
35.5	3515.593
35.6	3514.193
35.7	3512.793
35.8	3511.393
35.9	3509.993
36	3508.593
36.1	3507.193
36.2	3505.793
36.3	3504.393
36.4	3502.993
36.5	3501.593
36.6	3500.193
36.7	3498.793
36.8	3497.393
36.9	3495.993
37	3494.593
37.1	3493.193
37.2	3491.793
37.3	3490.393
37.4	3488.993
37.5	3487.593
37.6	3486.193
37.7	3484.793
37.8	3483.393
37.9	3481.993
38	3480.593
38.1	3479.193
38.2	3477.793
38.3	3476.393
38.4	3474.993
38.5	3473.593
38.6	3472.193
38.7	3470.793
38.8	3469.393
38.9	3467.993
39	3466.593
39.1	3465.193
39.2	3463.793
39.3	3462.393
39.4	3460.993
39.5	3459.593
39.6	3458.193
39.7	3456.793
39.8	3455.393
39.9	3453.993
40	3452.593
40.1	3451.193
40.2	3449.793
40.3	3448.393
40.4	3446.993
40.5	3445.593
40.6	3444.193
40.7	3442.793
40.8	3441.393
40.9	3439.993
41	3438.593
41.1	3437.193
41.2	3435.793
41.3	3434.393
41.4	3432.993
41.5	3431.593
41.6	3430.193
41.7	3428.793
41.8	3427.393
41.9	3425.993
42	3424.593
42.1	3423.193
42.2	3421.793
42.3	3420.393
42.4	3418.993
42.5	3417.593
42.6	3416.193
42.7	3414.793
42.8	3413.393
42.9	3411.993
43	3410.593
43.1	3409.193
43.2	3407.793
43.3	3406.393
43.4	3404.993
43.5	3403.593
43.6	3402.193
43.7	3400.793
43.8	3399.393
43.9	3397.993
44	3396.593
44.1	3395.193
44.2	3393.793
44.3	3392.393
44.4	3390.993
44.5	3389.593
44.6	3388.193
44.7	3386.793
44.8	3385.393
44.9	3383.993
45	3382.593
45.1	3381.193
45.2	3379.793
45.3	3378.393
45.4	3376.993
45.5	3375.593
45.6	3374.193
45.7	3372.793
45.8	3371.393
45.9	3369.993
46	3368.593
46.1	3367.193
46.2	3365.793
46.3	3364.393
46.4	3362.993
46.5	3361.593
46.6	3360.193
46.7	3358.793
46.8	3357.393
46.9	3355.993
47	3354.593
47.1	3353.193
47.2	3351.793
47.3	3350.393
47.4	3348.993
47.5	3347.593
47.6	3346.193
47.7	3344.793
47.8	3343.393
47.9	3341.993
48	3340.593
48.1	3339.193
48.2	3337.793
48.3	3336.393
48.4	3334.993
48.5	3333.593
48.6	3332.193
48.7	3330.793
48.8	3329.393
48.9	3327.993
49	3326.593
49.1	3325.193
49.2	3323.793
49.3	3322.393
49.4	3320.993
49.5	3319.593
49.6	3318.193
49.7	3316.793
49.8	3315.393
49.9	3313.993
50	3312.593
50.1	3311.193
50.2	3309.793
50.3	3308.393
50.4	3306.993
50.5	3305.593
50.6	3304.193
50.7	3302.793
50.8	3301.393
50.9	3299.993
51	3298.593
51.1	3297.193
51.2	3295.793
51.3	3294.393
51.4	3292.993
51.5	3291.593
51.6	3290.193
51.7	3288.793
51.8	3287.393
51.9	3285.993
52	3284.593
52.1	3283.193
52.2	3281.793
52.3	3280.393
52.4	3278.993
52.5	3277.593
52.6	3276.193
52.7	3274.793
52.8	3273.393
52.9	3271.993
53	3270.593
53.1	3269.193
53.2	3267.793
53.3	3266.393
53.4	3264.993
53.5	3263.593
53.6	3262.193
53.7	3260.793
53.8	3259.393
53.9	3257.993
54	3256.593
54.1	3255.193
54.2	3253.793
54.3	3252.393
54.4	3250.993
54.5	3249.593
54.6	3248.193
54.7	3246.793
54.8	3245.393
54.9	3243.993
55	3242.593
55.1	3241.193
55.2	3239.793
55.3	3238.393
55.4	3236.993
55.5	3235.593
55.6	3234.193
55.7	3232.793
55.8	3231.393
55.9	3229.993
56	3228.593
56.1	3227.193
56.2	3225.793
56.3	3224.393
56.4	3222.993
56.5	3221.593
56.6	3220.193
56.7	3218.793
56.8	3217.393
56.9	3215.993
57	3214.593
57.1	3213.193
57.2	3211.793
57.3	3210.393
57.4	3208.993
57.5	3207.593
57.6	3206.193
57.7	3204.793
57.8	3203.393
57.9	3201.993
58	3200.593
58.1	3199.193
58.2	3197.793
58.3	3196.393
58.4	3194.993
58.5	3193.593
58.6	3192.193
58.7	3190.793
58.8	3189.393
58.9	3187.993
59	3186.593
59.1	3185.193
59.2	3183.793
59.3	3182.393
59.4	3180.993
59.5	3179.593
59.6	3178.193
59.7	3176.793
59.8	3175.393
59.9	3173.993
60	3172.593
60.1	3171.193
60.2	3169.793
60.3	3168.393
60.4	3166.993
60.5	3165.593
60.6	3164.193
60.7	3162.793
60.8	3161.393
60.9	3159.993
61	3158.593
61.1	3157.193
61.2	3155.793
61.3	3154.393
61.4	3152.993
61.5	3151.593
61.6	3150.193
61.7	3148.793
61.8	3147.393
61.9	3145.993
62	3144.593
62.1	3143.193
62.2	3141.793
62.3	3140.393
62.4	3138.993
62.5	3137.593
62.6	3136.193
62.7	3134.793
62.8	3133.393
62.9	3131.993
63	3130.593
63.1	3129.193
63.2	3127.793
63.3	3126.393
63.4	3124.993
63.5	3123.593
63.6	3122.193
63.7	3120.793
63.8	3119.393
63.9	3117.993
64	3116.593
64.1	3115.193
64.2	3113.793
64.3	3112.393
64.4	3110.993
64.5	3109.593
64.6	3108.193
64.7	3106.793
64.8	3105.393
64.9	3103.993
65	3102.593
65.1	3101.193
65.2	3099.793
65.3	3098.393
65.4	3096.993
65.5	3095.593
65.6	3094.193
65.7	3092.793
65.8	3091.393
65.9	3089.993
66	3088.593
66.1	3087.193
66.2	3085.793
66.3	3084.393
66.4	3082.993
66.5	3081.593
66.6	3080.193
66.7	3078.793
66.8	3077.393
66.9	3075.993
67	3074.593
67.1	3073.193
67.2	3071.793
67.3	3070.393
67.4	3068.993
67.5	3067.593
67.6	3066.193
67.7	3064.793
67.8	3063.393
67.9	3061.993
68	3060.593
68.1	3059.193
68.2	3057.793
68.3	3056.393
68.4	3054.993
68.5	3053.593
68.6	3052.193
68.7	3050.793
68.8	3049.393
68.9	3047.993
69	3046.593
69.1	3045.193
69.2	3043.793
69.3	3042.393
69.4	3040.993
69.5	3039.593
69.6	3038.193
69.7	3036.793
69.8	3035.393
69.9	3033.993
70	3032.593
70.1	3031.193
70.2	3029.793
70.3	3028.393
70.4	3026.993
70.5	3025.593
70.6	3024.193
70.7	3022.793
70.8	3021.393
70.9	3019.993
71	3018.593
71.1	3017.193
71.2	3015.793
71.3	3014.393
71.4	3012.993
71.5	3011.593
71.6	3010.193
71.7	3008.793
71.8	3007.393
71.9	3005.993
72	3004.593
72.1	3003.193
72.2	3001.793
72.3	3000.393
72.4	2998.993
72.5	2997.593
72.6	2996.193
72.7	2994.793
72.8	2993.393
72.9	2991.993
73	2990.593
73.1	2989.193
73.2	2987.793
73.3	2986.393
73.4	2984.993
73.5	2983.593
73.6	2982.193
73.7	2980.793
73.8	2979.393
73.9	2977.993
74	2976.593
74.1	2975.193
74.2	2973.793
74.3	2972.393
74.4	2970.993
74.5	2969.593
74.6	2968.193
74.7	2966.793
74.8	2965.393
74.9	2963.993
75	2962.593
75.1	2961.193
75.2	2959.793
75.3	2958.393
75.4	2956.993
75.5	2955.593
75.6	2954.193
75.7	2952.793
75.8	2951.393
75.9	2949.993
76	2948.593
76.1	2947.193
76.2	2945.793
76.3	2944.393
76.4	2942.993
76.5	2941.593
76.6	2940.193
76.7	2938.793
76.8	2937.393
76.9	2935.993
77	2934.593
77.1	2933.193
77.2	2931.793
77.3	2930.393
77.4	2928.993
77.5	2927.593
77.6	2926.193
77.7	2924.793
77.8	2923.393
77.9	2921.993
78	2920.593
78.1	2919.193
78.2	2917.793
78.3	2916.393
78.4	2914.993
78.5	2913.593
78.6	2912.193
78.7	2910.793
78.8	2909.393
78.9	2907.993
79	2906.593
79.1	2905.193
79.2	2903.793
79.3	2902.393
79.4	2900.993
79.5	2899.593
79.6	2898.193
79.7	2896.793
79.8	2895.393
79.9	2893.993
80	2892.593
80.1	2891.193
80.2	2889.793
80.3	2888.393
80.4	2886.993
80.5	2885.593
80.6	2884.193
80.7	2882.793
80.8	2881.393
80.9	2879.993
81	2878.593
81.1	2877.193
81.2	2875.793
81.3	2874.393
81.4	2872.993
81.5	2871.593
81.6	2870.193
81.7	2868.793
81.8	2867.393
81.9	2865.993
82	2864.593
82.1	2863.193
82.2	2861.793
82.3	2860.393
82.4	2858.993
82.5	2857.593
82.6	2856.193
82.7	2854.793
82.8	2853.393
82.9	2851.993
83	2850.593
83.1	2849.193
83.2	2847.793
83.3	2846.393
83.4	2844.993
83.5	2843.593
83.6	2842.193
83.7	2840.793
83.8	2839.393
83.9	2837.993
84	2836.593
84.1	2835.193
84.2	2833.793
84.3	2832.393
84.4	2830.993
84.5	2829.593
84.6	2828.193
84.7	2826.793
84.8	2825.393
84.9	2823.993
85	2822.593
85.1	2821.193
85.2	2819.793
85.3	2818.393
85.4	2816.993
85.5	2815.593
85.6	2814.193
85.7	2812.793
85.8	2811.393
85.9	2809.993
86	2808.593
86.1	2807.193
86.2	2805.793
86.3	2804.393
86.4	2802.993
86.5	2801.593
86.6	2800.193
86.7	2798.793
86.8	2797.393
86.9	2795.993
87	2794.593
87.1	2793.193
87.2	2791.793
87.3	2790.393
87.4	2788.993
87.5	2787.593
87.6	2786.193
87.7	2784.793
87.8	2783.393
87.9	2781.993
88	2780.593
88.1	2779.193
88.2	2777.793
88.3	2776.393
88.4	2774.993
88.5	2773.593
88.6	2772.193
88.7	2770.793
88.8	2769.393
88.9	2767.993
89	2766.593
89.1	2765.193
89.2	2763.793
89.3	2762.393
89.4	2760.993
89.5	2759.593
89.6	2758.193
89.7	2756.793
89.8	2755.393
89.9	2753.993
90	2752.593
90.1	2751.193
90.2	2749.793
90.3	2748.393
90.4	2746.993
90.5	2745.593
90.6	2744.193
90.7	2742.793
90.8	2741.393
90.9	2739.993
91	2738.593
91.1	2737.193
91.2	2735.793
91.3	2734.393
91.4	2732.993
91.5	2731.593
91.6	2730.193
91.7	2728.793
91.8	2727.393
91.9	2725.993
92	2724.593
92.1	2723.193
92.2	2721.793
92.3	2720.393
92.4	2718.993
92.5	2717.593
92.6	2716.193
92.7	2714.793
92.8	2713.393
92.9	2711.993
93	2710.593
93.1	2709.193
93.2	2707.793
93.3	2706.393
93.4	2704.993
93.5	2703.593
93.6	2702.193
93.7	2700.793
93.8	2699.393
93.9	2697.993
94	2696.593
94.1	2695.193
94.2	2693.793
94.3	2692.393
94.4	2690.993
94.5	2689.593
94.6	2688.193
94.7	2686.793
94.8	2685.393
94.9	2683.993
95	2682.593
95.1	2681.193
95.2	2679.793
95.3	2678.393
95.4	2676.993
95.5	2675.593
95.6	2674.193
95.7	2672.793
95.8	2671.393
95.9	2669.993
96	2668.593
96.1	2667.193
96.2	2665.793
96.3	2664.393
96.4	2662.993
96.5	2661.593
96.6	2660.193
96.7	2658.793
96.8	2657.393
96.9	2655.993
97	2654.593
97.1	2653.193
97.2	2651.793
97.3	2650.393
97.4	2648.993
97.5	2647.593
97.6	2646.193
97.7	2644.793
97.8	2643.393
97.9	2641.993
98	2640.593
98.1	2639.193
98.2	2637.793
98.3	2636.393
98.4	2634.993
98.5	2633.593
98.6	2632.193
98.7	2630.793
98.8	2629.393
98.9	2627.993
99	2626.593
99.1	2625.193
99.2	2623.793
99.3	2622.393
99.4	2620.993
99.5	2619.593
99.6	2618.193
99.7	2616.793
99.8	2615.393
99.9	2613.993
100	2612.593
100.1	2611.193
100.2	2609.793
100.3	2608.393
100.4	2606.993
100.5	2605.593
100.6	2604.193
100.7	2602.793
100.8	2601.393
100.9	2599.993
101	2598.593
101.1	2597.193
101.2	2595.793
101.3	2594.393
101.4	2592.993
101.5	2591.593
101.6	2590.193
101.7	2588.793
101.8	2587.393
101.9	2585.993
102	2584.593
102.1	2583.193
102.2	2581.793
102.3	2580.393
102.4	2578.993
102.5	2577.593
102.6	2576.193
102.7	2574.793
102.8	2573.393
102.9	2571.993
103	2570.593
103.1	2569.193
103.2	2567.793
103.3	2566.393
103.4	2564.993
103.5	2563.593
103.6	2562.193
103.7	2560.793
103.8	2559.393
103.9	2557.993
104	2556.593
104.1	2555.193
104.2	2553.793
104.3	2552.393
104.4	2550.993
104.5	2549.593
104.6	2548.193
104.7	2546.793
104.8	2545.393
104.9	2543.993
105	2542.593
105.1	2541.193
105.2	2539.793
105.3	2538.393
105.4	2536.993
105.5	2535.593
105.6	2534.193
105.7	2532.793
105.8	2531.393
105.9	2529.993
106	2528.593
106.1	2527.193
106.2	2525.793
106.3	2524.393
106.4	2522.993
106.5	2521.593
106.6	2520.193
106.7	2518.793
106.8	2517.393
106.9	2515.993
107	2514.593
107.1	2513.193
107.2	2511.793
107.3	2510.393
107.4	2508.993
107.5	2507.593
107.6	2506.193
107.7	2504.793
107.8	2503.393
107.9	2501.993
108	2500.593
108.1	2499.193
108.2	2497.793
108.3	2496.393
108.4	2494.993
108.5	2493.593
108.6	2492.193
108.7	2490.793
108.8	2489.393
108.9	2487.993
109	2486.593
109.1	2485.193
109.2	2483.793
109.3	2482.393
109.4	2480.993
109.5	2479.593
109.6	2478.193
109.7	2476.793
109.8	2475.393
109.9	2473.993
110	2472.593
110.1	2471.193
110.2	2469.793
110.3	2468.393
110.4	2466.993
110.5	2465.593
110.6	2464.193
110.7	2462.793
110.8	2461.393
110.9	2459.993
111	2458.593
111.1	2457.193
111.2	2455.793
111.3	2454.393
111.4	2452.993
111.5	2451.593
111.6	2450.193
111.7	2448.793
111.8	2447.393
111.9	2445.993
112	2444.593
112.1	2443.193
112.2	2441.793
112.3	2440.393
112.4	2438.993
112.5	2437.593
112.6	2436.193
112.7	2434.793
112.8	2433.393
112.9	2431.993
113	2430.593
113.1	2429.193
113.2	2427.793
113.3	2426.393
113.4	2424.993
113.5	2423.593
113.6	2422.193
113.7	2420.793
113.8	2419.393
113.9	2417.993
114	2416.593
114.1	2415.193
114.2	2413.793
114.3	2412.393
114.4	2410.993
114.5	2409.593
114.6	2408.193
114.7	2406.793
114.8	2405.393
114.9	2403.993
115	2402.593
115.1	2401.193
115.2	2399.793
115.3	2398.393
115.4	2396.993
115.5	2395.593
115.6	2394.193
115.7	2392.793
115.8	2391.393
115.9	2389.993
116	2388.593
116.1	2387.193
116.2	2385.793
116.3	2384.393
116.4	2382.993
116.5	2381.593
116.6	2380.193
116.7	2378.793
116.8	2377.393
116.9	2375.993
117	2374.593
117.1	2373.193
117.2	2371.793
117.3	2370.393
117.4	2368.993
117.5	2367.593
117.6	2366.193
117.7	2364.793
117.8	2363.393
117.9	2361.993
118	2360.593
118.1	2359.193
118.2	2357.793
118.3	2356.393
118.4	2354.993
118.5	2353.593
118.6	2352.193
118.7	2350.793
118.8	2349.393
118.9	2347.993
119	2346.593
119.1	2345.193
119.2	2343.793
119.3	2342.393
119.4	2340.993
119.5	2339.593
119.6	2338.193
119.7	2336.793
119.8	2335.393
119.9	2333.993
120	2332.593
120.1	2331.193
120.2	2329.793
120.3	2328.393
120.4	2326.993
120.5	2325.593
120.6	2324.193
120.7	2322.793
120.8	2321.393
120.9	2319.993
121	2318.593
121.1	2317.193
121.2	2315.793
121.3	2314.393
121.4	2312.993
121.5	2311.593
121.6	2310.193
121.7	2308.793
121.8	2307.393
121.9	2305.993
122	2304.593
122.1	2303.193
122.2	2301.793
122.3	2300.393
122.4	2298.993
122.5	2297.593
122.6	2296.193
122.7	2294.793
122.8	2293.393
122.9	2291.993
123	2290.593
123.1	2289.193
123.2	2287.793
123.3	2286.393
123.4	2284.993
123.5	2283.593
123.6	2282.193
123.7	2280.793
123.8	2279.393
123.9	2277.993
124	2276.593
124.1	2275.193
124.2	2273.793
124.3	2272.393
124.4	2270.993
124.5	2269.593
124.6	2268.193
124.7	2266.793
124.8	2265.393
124.9	2263.993
125	2262.593
125.1	2261.193
125.2	2259.793
125.3	2258.393
125.4	2256.993
125.5	2255.593
125.6	2254.193
125.7	2252.793
125.8	2251.393
125.9	2249.993
126	2248.593
126.1	2247.193
126.2	2245.793
126.3	2244.393
126.4	2242.993
126.5	2241.593
126.6	2240.193
126.7	2238.793
126.8	2237.393
126.9	2235.993
127	2234.593
127.1	2233.193
127.2	2231.793
127.3	2230.393
127.4	2228.993
127.5	2227.593
127.6	2226.193
127.7	2224.793
127.8	2223.393
127.9	2221.993
128	2220.593
128.1	2219.193
128.2	2217.793
128.3	2216.393
128.4	2214.993
128.5	2213.593
128.6	2212.193
128.7	2210.793
128.8	2209.393
128.9	2207.993
129	2206.593
129.1	2205.193
129.2	2203.793
129.3	2202.393
129.4	2200.993
129.5	2199.593
129.6	2198.193
129.7	2196.793
129.8	2195.393
129.9	2193.993
130	2192.593
130.1	2191.193
130.2	2189.793
130.3	2188.393
130.4	2186.993
130.5	2185.593
130.6	2184.193
130.7	2182.793
130.8	2181.393
130.9	2179.993
131	2178.593
131.1	2177.193
131.2	2175.793
131.3	2174.393
131.4	2172.993
131.5	2171.593
131.6	2170.193
131.7	2168.793
131.8	2167.393
131.9	2165.993
132	2164.593
132.1	2163.193
132.2	2161.793
132.3	2160.393
132.4	2158.993
132.5	2157.593
132.6	2156.193
132.7	2154.793
132.8	2153.393
132.9	2151.993
133	2150.593
133.1	2149.193
133.2	2147.793
133.3	2146.393
133.4	2144.993
133.5	2143.593
133.6	2142.193
133.7	2140.793
133.8	2139.393
133.9	2137.993
134	2136.593
134.1	2135.193
134.2	2133.793
134.3	2132.393
134.4	2130.993
134.5	2129.593
134.6	2128.193
134.7	2126.793
134.8	2125.393
134.9	2123.993
135	2122.593
135.1	2121.193
135.2	2119.793
135.3	2118.393
135.4	2116.993
135.5	2115.593
135.6	2114.193
135.7	2112.793
135.8	2111.393
135.9	2109.993
136	2108.593
136.1	2107.193
136.2	2105.793
136.3	2104.393
136.4	2102.993
136.5	2101.593
136.6	2100.193
136.7	2098.793
136.8	2097.393
136.9	2095.993
137	2094.593
137.1	2093.193
137.2	2091.793
137.3	2090.393
137.4	2088.993
137.5	2087.593
137.6	2086.193
137.7	2084.793
137.8	2083.393
137.9	2081.993
138	2080.593
138.1	2079.193
138.2	2077.793
138.3	2076.393
138.4	2074.993
138.5	2073.593
138.6	2072.193
138.7	2070.793
138.8	2069.393
138.9	2067.993
139	2066.593
139.1	2065.193
139.2	2063.793
139.3	2062.393
139.4	2060.993
139.5	2059.593
139.6	2058.193
139.7	2056.793
139.8	2055.393
139.9	2053.993
140	2052.593
140.1	2051.193
140.2	2049.793
140.3	2048.393
140.4	2046.993
140.5	2045.593
140.6	2044.193
140.7	2042.793
140.8	2041.393
140.9	2039.993
141	2038.593
141.1	2037.193
141.2	2035.793
141.3	2034.393
141.4	2032.993
141.5	2031.593
141.6	2030.193
141.7	2028.793
141.8	2027.393
141.9	2025.993
142	2024.593
142.1	2023.193
142.2	2021.793
142.3	2020.393
142.4	2018.993
142.5	2017.593
142.6	2016.193
142.7	2014.793
142.8	2013.393
142.9	2011.993
143	2010.593
143.1	2009.193
143.2	2007.793
143.3	2006.393
143.4	2004.993
143.5	2003.593
143.6	2002.193
143.7	2000.793
143.8	1999.393
143.9	1997.993
144	1996.593
144.1	1995.193
144.2	1993.793
144.3	1992.393
144.4	1990.993
144.5	1989.593
144.6	1988.193
144.7	1986.793
144.8	1985.393
144.9	1983.993
145	1982.593
145.1	1981.193
145.2	1979.793
145.3	1978.393
145.4	1976.993
145.5	1975.593
145.6	1974.193
145.7	1972.793
145.8	1971.393
145.9	1969.993
146	1968.593
146.1	1967.193
146.2	1965.793
146.3	1964.393
146.4	1962.993
146.5	1961.593
146.6	1960.193
146.7	1958.793
146.8	1957.393
146.9	1955.993
147	1954.593
147.1	1953.193
147.2	1951.793
147.3	1950.393
147.4	1948.993
147.5	1947.593
147.6	1946.193
147.7	1944.793
147.8	1943.393
147.9	1941.993
148	1940.593
148.1	1939.193
148.2	1937.793
148.3	1936.393
148.4	1934.993
148.5	1933.593
148.6	1932.193
148.7	1930.793
148.8	1929.393
148.9	1927.993
149	1926.593
149.1	1925.193
149.2	1923.793
149.3	1922.393
149.4	1920.993
149.5	1919.593
149.6	1918.193
149.7	1916.793
149.8	1915.393
149.9	1913.993
150	1912.593
150.1	1911.193
150.2	1909.793
150.3	1908.393
150.4	1906.993
150.5	1905.593
150.6	1904.193
150.7	1902.793
150.8	1901.393
150.9	1899.993
151	1898.593
151.1	1897.193
151.2	1895.793
151.3	1894.393
151.4	1892.993
151.5	1891.593
151.6	1890.193
151.7	1888.793
151.8	1887.393
151.9	1885.993
152	1884.593
152.1	1883.193
152.2	1881.793
152.3	1880.393
152.4	1878.993
152.5	1877.593
152.6	1876.193
152.7	1874.793
152.8	1873.393
152.9	1871.993
153	1870.593
153.1	1869.193
153.2	1867.793
153.3	1866.393
153.4	1864.993
153.5	1863.593
153.6	1862.193
153.7	1860.793
153.8	1859.393
153.9	1857.993
154	1856.593
154.1	1855.193
154.2	1853.793
154.3	1852.393
154.4	1850.993
154.5	1849.593
154.6	1848.193
154.7	1846.793
154.8	1845.393
154.9	1843.993
155	1842.593
155.1	1841.193
155.2	1839.793
155.3	1838.393
155.4	1836.993
155.5	1835.593
155.6	1834.193
155.7	1832.793
155.8	1831.393
155.9	1829.993
156	1828.593
156.1	1827.193
156.2	1825.793
156.3	1824.393
156.4	1822.993
156.5	1821.593
156.6	1820.193
156.7	1818.793
156.8	1817.393
156.9	1815.993
157	1814.593
157.1	1813.193
157.2	1811.793
157.3	1810.393
157.4	1808.993
157.5	1807.593
157.6	1806.193
157.7	1804.793
157.8	1803.393
157.9	1801.993
158	1800.593
158.1	1799.193
158.2	1797.793
158.3	1796.393
158.4	1794.993
158.5	1793.593
158.6	1792.193
158.7	1790.793
158.8	1789.393
158.9	1787.993
159	1786.593
159.1	1785.193
159.2	1783.793
159.3	1782.393
159.4	1780.993
159.5	1779.593
159.6	1778.193
159.7	1776.793
159.8	1775.393
159.9	1773.993
160	1772.593
160.1	1771.193
160.2	1769.793
160.3	1768.393
160.4	1766.993
160.5	1765.593
160.6	1764.193
160.7	1762.793
160.8	1761.393
160.9	1759.993
161	1758.593
161.1	1757.193
161.2	1755.793
161.3	1754.393
161.4	1752.993
161.5	1751.593
161.6	1750.193
161.7	1748.793
161.8	1747.393
161.9	1745.993
162	1744.593
162.1	1743.193
162.2	1741.793
162.3	1740.393
162.4	1738.993
162.5	1737.593
162.6	1736.193
162.7	1734.793
162.8	1733.393
162.9	1731.993
163	1730.593
163.1	1729.193
163.2	1727.793
163.3	1726.393
163.4	1724.993
163.5	1723.593
163.6	1722.193
163.7	1720.793
163.8	1719.393
163.9	1717.993
164	1716.593
164.1	1715.193
164.2	1713.793
164.3	1712.393
164.4	1710.993
164.5	1709.593
164.6	1708.193
164.7	1706.793
164.8	1705.393
164.9	1703.993
165	1702.593
165.1	1701.193
165.2	1699.793
165.3	1698.393
165.4	1696.993
165.5	1695.593
165.6	1694.193
165.7	1692.793
165.8	1691.393
165.9	1689.993
166	1688.593
166.1	1687.193
166.2	1685.793
166.3	1684.393
166.4	1682.993
166.5	1681.593
166.6	1680.193
166.7	1678.793
166.8	1677.393
166.9	1675.993
167	1674.593
167.1	1673.193
167.2	1671.793
167.3	1670.393
167.4	1668.993
167.5	1667.593
167.6	1666.193
167.7	1664.793
167.8	1663.393
167.9	1661.993
168	1660.593
168.1	1659.193
168.2	1657.793
168.3	1656.393
168.4	1654.993
168.5	1653.593
168.6	1652.193
168.7	1650.793
168.8	1649.393
168.9	1647.993
169	1646.593
169.1	1645.193
169.2	1643.793
169.3	1642.393
169.4	1640.993
169.5	1639.593
169.6	1638.193
169.7	1636.793
169.8	1635.393
169.9	1633.993
170	1632.593
170.1	1631.193
170.2	1629.793
170.3	1628.393
170.4	1626.993
170.5	1625.593
170.6	1624.193
170.7	1622.793
170.8	1621.393
170.9	1619.993
171	1618.593
171.1	1617.193
171.2	1615.793
171.3	1614.393
171.4	1612.993
171.5	1611.593
171.6	1610.193
171.7	1608.793
171.8	1607.393
171.9	1605.993
172	1604.593
172.1	1603.193
172.2	1601.793
172.3	1600.393
172.4	1598.993
172.5	1597.593
172.6	1596.193
172.7	1594.793
172.8	1593.393
172.9	1591.993
173	1590.593
173.1	1589.193
173.2	1587.793
173.3	1586.393
173.4	1584.993
173.5	1583.593
173.6	1582.193
173.7	1580.793
173.8	1579.393
173.9	1577.993
174	1576.593
174.1	1575.193
174.2	1573.793
174.3	1572.393
174.4	1570.993
174.5	1569.593
174.6	1568.193
174.7	1566.793
174.8	1565.393
174.9	1563.993
175	1562.593
175.1	1561.193
175.2	1559.793
175.3	1558.393
175.4	1556.993
175.5	1555.593
175.6	1554.193
175.7	1552.793
175.8	1551.393
175.9	1549.993
176	1548.593
176.1	1547.193
176.2	1545.793
176.3	1544.393
176.4	1542.993
176.5	1541.593
176.6	1540.193
176.7	1538.793
176.8	1537.393
176.9	1535.993
177	1534.593
177.1	1533.193
177.2	1531.793
177.3	1530.393
177.4	1528.993
177.5	1527.593
177.6	1526.193
177.7	1524.793
177.8	1523.393
177.9	1521.993
178	1520.593
178.1	1519.193
178.2	1517.793
178.3	1516.393
178.4	1514.993
178.5	1513.593
178.6	1512.193
178.7	1510.793
178.8	1509.393
178.9	1507.993
179	1506.593
179.1	1505.193
179.2	1503.793
179.3	1502.393
179.4	1500.993
179.5	1499.593
179.6	1498.193
179.7	1496.793
179.8	1495.393
179.9	1493.993
180	1492.593
180.1	1491.193
180.2	1489.793
180.3	1488.393
180.4	1486.993
180.5	1485.593
180.6	1484.193
180.7	1482.793
180.8	1481.393
180.9	1479.993
181	1478.593
181.1	1477.193
181.2	1475.793
181.3	1474.393
181.4	1472.993
181.5	1471.593
181.6	1470.193
181.7	1468.793
181.8	1467.393
181.9	1465.993
182	1464.593
182.1	1463.193
182.2	1461.793
182.3	1460.393
182.4	1458.993
182.5	1457.593
182.6	1456.193
182.7	1454.793
182.8	1453.393
182.9	1451.993
183	1450.593
183.1	1449.193
183.2	1447.793
183.3	1446.393
183.4	1444.993
183.5	1443.593
183.6	1442.193
183.7	1440.793
183.8	1439.393
183.9	1437.993
184	1436.593
184.1	1435.193
184.2	1433.793
184.3	1432.393
184.4	1430.993
184.5	1429.593
184.6	1428.193
184.7	1426.793
184.8	1425.393
184.9	1423.993
185	1422.593
185.1	1421.193
185.2	1419.793
185.3	1418.393
185.4	1416.993
185.5	1415.593
185.6	1414.193
185.7	1412.793
185.8	1411.393
185.9	1409.993
186	1408.593
186.1	1407.193
186.2	1405.793
186.3	1404.393
186.4	1402.993
186.5	1401.593
186.6	1400.193
186.7	1398.793
186.8	1397.393
186.9	1395.993
187	1394.593
187.1	1393.193
187.2	1391.793
187.3	1390.393
187.4	1388.993
187.5	1387.593
187.6	1386.193
187.7	1384.793
187.8	1383.393
187.9	1381.993
188	1380.593
188.1	1379.193
188.2	1377.793
188.3	1376.393
188.4	1374.993
188.5	1373.593
188.6	1372.193
188.7	1370.793
188.8	1369.393
188.9	1367.993
189	1366.593
189.1	1365.193
189.2	1363.793
189.3	1362.393
189.4	1360.993
189.5	1359.593
189.6	1358.193
189.7	1356.793
189.8	1355.393
189.9	1353.993
190	1352.593
190.1	1351.193
190.2	1349.793
190.3	1348.393
190.4	1346.993
190.5	1345.593
190.6	1344.193
190.7	1342.793
190.8	1341.393
190.9	1339.993
191	1338.593
191.1	1337.193
191.2	1335.793
191.3	1334.393
191.4	1332.993
191.5	1331.593
191.6	1330.193
191.7	1328.793
191.8	1327.393
191.9	1325.993
192	1324.593
192.1	1323.193
192.2	1321.793
192.3	1320.393
192.4	1318.993
192.5	1317.593
192.6	1316.193
192.7	1314.793
192.8	1313.393
192.9	1311.993
193	1310.593
193.1	1309.193
193.2	1307.793
193.3	1306.393
193.4	1304.993
193.5	1303.593
193.6	1302.193
193.7	1300.793
193.8	1299.393
193.9	1297.993
194	1296.593
194.1	1295.193
194.2	1293.793
194.3	1292.393
194.4	1290.993
194.5	1289.593
194.6	1288.193
194.7	1286.793
194.8	1285.393
194.9	1283.993
195	1282.593
195.1	1281.193
195.2	1279.793
195.3	1278.393
195.4	1276.993
195.5	1275.593
195.6	1274.193
195.7	1272.793
195.8	1271.393
195.9	1269.993
196	1268.593
196.1	1267.193
196.2	1265.793
196.3	1264.393
196.4	1262.993
196.5	1261.593
196.6	1260.193
196.7	1258.793
196.8	1257.393
196.9	1255.993
197	1254.593
197.1	1253.193
197.2	1251.793
197.3	1250.393
197.4	1248.993
197.5	1247.593
197.6	1246.193
197.7	1244.793
197.8	1243.393
197.9	1241.993
198	1240.593
198.1	1239.193
198.2	1237.793
198.3	1236.393
198.4	1234.993
198.5	1233.593
198.6	1232.193
198.7	1230.793
198.8	1229.393
198.9	1227.993
199	1226.593
199.1	1225.193
199.2	1223.793
199.3	1222.393
199.4	1220.993
199.5	1219.593
199.6	1218.193
199.7	1216.793
199.8	1215.393
199.9	1213.993
200	1212.593
200.1	1211.193
200.2	1209.793
200.3	1208.393
200.4	1206.993
200.5	1205.593
200.6	1204.193
200.7	1202.793
200.8	1201.393
200.9	1199.993
201	1198.593
201.1	1197.193
201.2	1195.793
201.3	1194.393
201.4	1192.993
201.5	1191.593
201.6	1190.193
201.7	1188.793
201.8	1187.393
201.9	1185.993
202	1184.593
202.1	1183.193
202.2	1181.793
202.3	1180.393
202.4	1178.993
202.5	1177.593
202.6	1176.193
202.7	1174.793
202.8	1173.393
202.9	1171.993
203	1170.593
203.1	1169.193
203.2	1167.793
203.3	1166.393
203.4	1164.993
203.5	1163.593
203.6	1162.193
203.7	1160.793
203.8	1159.393
203.9	1157.993
204	1156.593
204.1	1155.193
204.2	1153.793
204.3	1152.393
204.4	1150.993
204.5	1149.593
204.6	1148.193
204.7	1146.793
204.8	1145.393
204.9	1143.993
205	1142.593
205.1	1141.193
205.2	1139.793
205.3	1138.393
205.4	1136.993
205.5	1135.593
205.6	1134.193
205.7	1132.793
205.8	1131.393
205.9	1129.993
206	1128.593
206.1	1127.193
206.2	1125.793
206.3	1124.393
206.4	1122.993
206.5	1121.593
206.6	1120.193
206.7	1118.793
206.8	1117.393
206.9	1115.993
207	1114.593
207.1	1113.193
207.2	1111.793
207.3	1110.393
207.4	1108.993
207.5	1107.593
207.6	1106.193
207.7	1104.793
207.8	1103.393
207.9	1101.993
208	1100.593
208.1	1099.193
208.2	1097.793
208.3	1096.393
208.4	1094.993
208.5	1093.593
208.6	1092.193
208.7	1090.793
208.8	1089.393
208.9	1087.993
209	1086.593
209.1	1085.193
209.2	1083.793
209.3	1082.393
209.4	1080.993
209.5	1079.593
209.6	1078.193
209.7	1076.793
209.8	1075.393
209.9	1073.993
210	1072.593
210.1	1071.193
210.2	1069.793
210.3	1068.393
210.4	1066.993
210.5	1065.593
210.6	1064.193
210.7	1062.793
210.8	1061.393
210.9	1059.993
211	1058.593
211.1	1057.193
211.2	1055.793
211.3	1054.393
211.4	1052.993
211.5	1051.593
211.6	1050.193
211.7	1048.793
211.8	1047.393
211.9	1045.993
212	1044.593
212.1	1043.193
212.2	1041.793
212.3	1040.393
212.4	1038.993
212.5	1037.593
212.6	1036.193
212.7	1034.793
212.8	1033.393
212.9	1031.993
213	1030.593
213.1	1029.193
213.2	1027.793
213.3	1026.393
213.4	1024.993
213.5	1023.593
213.6	1022.193
213.7	1020.793
213.8	1019.393
213.9	1017.993
214	1016.593
214.1	1015.193
214.2	1013.793
214.3	1012.393
214.4	1010.993
214.5	1009.593
214.6	1008.193
214.7	1006.793
214.8	1005.393
214.9	1003.993
215	1002.593
215.1	1001.193
215.2	999.793
215.3	998.393
215.4	996.993
215.5	995.593
215.6	994.193
215.7	992.793
215.8	991.393
215.9	989.993
216	988.593
216.1	987.193
216.2	985.793
216.3	984.393
216.4	982.993
216.5	981.593
216.6	980.193
216.7	978.793
216.8	977.393
216.9	975.993
217	974.593
217.1	973.193
217.2	971.793
217.3	970.393
217.4	968.993
217.5	967.593
217.6	966.193
217.7	964.793
217.8	963.393
217.9	961.993
218	960.593
218.1	959.193
218.2	957.793
218.3	956.393
218.4	954.993
218.5	953.593
218.6	952.193
218.7	950.793
218.8	949.393
218.9	947.993
219	946.593
219.1	945.193
219.2	943.793
219.3	942.393
219.4	940.993
219.5	939.593
219.6	938.193
219.7	936.793
219.8	935.393
219.9	933.993
220	932.593
220.1	931.193
220.2	929.793
220.3	928.393
220.4	926.993
220.5	925.593
220.6	924.193
220.7	922.793
220.8	921.393
220.9	919.993
221	918.593
221.1	917.193
221.2	915.793
221.3	914.393
221.4	912.993
221.5	911.593
221.6	910.193
221.7	908.793
221.8	907.393
221.9	905.993
222	904.593
222.1	903.193
222.2	901.793
222.3	900.393
222.4	898.993
222.5	897.593
222.6	896.193
222.7	894.793
222.8	893.393
222.9	891.993
223	890.593
223.1	889.193
223.2	887.793
223.3	886.393
223.4	884.993
223.5	883.593
223.6	882.193
223.7	880.793
223.8	879.393
223.9	877.993
224	876.593
224.1	875.193
224.2	873.793
224.3	872.393
224.4	870.993
224.5	869.593
224.6	868.193
224.7	866.793
224.8	865.393
224.9	863.993
225	862.593
225.1	861.193
225.2	859.793
225.3	858.393
225.4	856.993
225.5	855.593
225.6	854.193
225.7	852.793
225.8	851.393
225.9	849.993
226	848.593
226.1	847.193
226.2	845.793
226.3	844.393
226.4	842.993
226.5	841.593
226.6	840.193
226.7	838.793
226.8	837.393
226.9	835.993
227	834.593
227.1	833.193
227.2	831.793
227.3	830.393
227.4	828.993
227.5	827.593
227.6	826.193
227.7	824.793
227.8	823.393
227.9	821.993
228	820.593
228.1	819.193
228.2	817.793
228.3	816.393
228.4	814.993
228.5	813.593
228.6	812.193
228.7	810.793
228.8	809.393
228.9	807.993
229	806.593
229.1	805.193
229.2	803.793
229.3	802.393
229.4	800.993
229.5	799.593
229.6	798.193
229.7	796.793
229.8	795.393
229.9	793.993
230	792.593
230.1	791.193
230.2	789.793
230.3	788.393
230.4	786.993
230.5	785.593
230.6	784.193
230.7	782.793
230.8	781.393
230.9	779.993
231	778.593
231.1	777.193
231.2	775.793
231.3	774.393
231.4	772.993
231.5	771.593
231.6	770.193
231.7	768.793
231.8	767.393
231.9	765.993
232	764.593
232.1	763.193
232.2	761.793
232.3	760.393
232.4	758.993
232.5	757.593
232.6	756.193
232.7	754.793
232.8	753.393
232.9	751.993
233	750.593
233.1	749.193
233.2	747.793
233.3	746.393
233.4	744.993
233.5	743.593
233.6	742.193
233.7	740.793
233.8	739.393
233.9	737.993
234	736.593
234.1	735.193
234.2	733.793
234.3	732.393
234.4	730.993
234.5	729.593
234.6	728.193
234.7	726.793
234.8	725.393
234.9	723.993
235	722.593
235.1	721.193
235.2	719.793
235.3	718.393
235.4	716.993
235.5	715.593
235.6	714.193
235.7	712.793
235.8	711.393
235.9	709.993
236	708.593
236.1	707.193
236.2	705.793
236.3	704.393
236.4	702.993
236.5	701.593
236.6	700.193
236.7	698.793
236.8	697.393
236.9	695.993
237	694.593
237.1	693.193
237.2	691.793
237.3	690.393
237.4	688.993
237.5	687.593
237.6	686.193
237.7	684.793
237.8	683.393
237.9	681.993
238	680.593
238.1	679.193
238.2	677.793
238.3	676.393
238.4	674.993
238.5	673.593
238.6	672.193
238.7	670.793
238.8	669.393
238.9	667.993
239	666.593
239.1	665.193
239.2	663.793
239.3	662.393
239.4	660.993
239.5	659.593
239.6	658.193
239.7	656.793
239.8	655.393
239.9	653.993
240	652.593
240.1	651.193
240.2	649.793
240.3	648.393
240.4	646.993
240.5	645.593
240.6	644.193
240.7	642.793
240.8	641.393
240.9	639.993
241	638.593
241.1	637.193
241.2	635.793
241.3	634.393
241.4	632.993
241.5	631.593
241.6	630.193
241.7	628.793
241.8	627.393
241.9	625.993
242	624.593
242.1	623.193
242.2	621.793
242.3	620.393
242.4	618.993
242.5	617.593
242.6	616.193
242.7	614.793
242.8	613.393
242.9	611.993
243	610.593
243.1	609.193
243.2	607.793
243.3	606.393
243.4	604.993
243.5	603.593
243.6	602.193
243.7	600.793
243.8	599.393
243.9	597.993
244	596.593
244.1	595.193
244.2	593.793
244.3	592.393
244.4	590.993
244.5	589.593
244.6	588.193
244.7	586.793
244.8	585.393
244.9	583.993
245	582.593
245.1	581.193
245.2	579.793
245.3	578.393
245.4	576.993
245.5	575.593
245.6	574.193
245.7	572.793
245.8	571.393
245.9	569.993
246	568.593
246.1	567.193
246.2	565.793
246.3	564.393
246.4	562.993
246.5	561.593
246.6	560.193
246.7	558.793
246.8	557.393
246.9	555.993
247	554.593
247.1	553.193
247.2	551.793
247.3	550.393
247.4	548.993
247.5	547.593
247.6	546.193
247.7	544.793
247.8	543.393
247.9	541.993
248	540.593
248.1	539.193
248.2	537.793
248.3	536.393
248.4	534.993
248.5	533.593
248.6	532.193
248.7	530.793
248.8	529.393
248.9	527.993
249	526.593
249.1	525.193
249.2	523.793
249.3	522.393
249.4	520.993
249.5	519.593
249.6	518.193
249.7	516.793
249.8	515.393
249.9	513.993
250	512.593
250.1	511.193
250.2	509.793
250.3	508.393
250.4	506.993
250.5	505.593
250.6	504.193
250.7	502.793
250.8	501.393
250.9	499.993
251	498.593
251.1	497.193
251.2	495.793
251.3	494.393
251.4	492.993
251.5	491.593
251.6	490.193
251.7	488.793
251.8	487.393
251.9	485.993
252	484.593
252.1	483.193
252.2	481.793
252.3	480.393
252.4	478.993
252.5	477.593
252.6	476.193
252.7	474.793
252.8	473.393
252.9	471.993
253	470.593
253.1	469.193
253.2	467.793
253.3	466.393
253.4	464.993
253.5	463.593
253.6	462.193
253.7	460.793
253.8	459.393
253.9	457.993
254	456.593
254.1	455.193
254.2	453.793
254.3	452.393
254.4	450.993
254.5	449.593
254.6	448.193
254.7	446.793
254.8	445.393
254.9	443.993
255	442.593
255.1	441.193
255.2	439.793
255.3	438.393
255.4	436.993
255.5	435.593
255.6	434.193
255.7	432.793
255.8	431.393
255.9	429.993
256	428.593
256.1	427.193
256.2	425.793
256.3	424.393
256.4	422.993
256.5	421.593
256.6	420.193
256.7	418.793
256.8	417.393
256.9	415.993
257	414.593
257.1	413.193
257.2	411.793
257.3	410.393
257.4	408.993
257.5	407.593
257.6	406.193
257.7	404.793
257.8	403.393
257.9	401.993
258	400.593
258.1	399.193
258.2	397.793
258.3	396.393
258.4	394.993
258.5	393.593
258.6	392.193
258.7	390.793
258.8	389.393
258.9	387.993
259	386.593
259.1	385.193
259.2	383.793
259.3	382.393
259.4	380.993
259.5	379.593
259.6	378.193
259.7	376.793
259.8	375.393
259.9	373.993
260	372.593
260.1	371.193
260.2	369.793
260.3	368.393
260.4	366.993
260.5	365.593
260.6	364.193
260.7	362.793
260.8	361.393
260.9	359.993
261	358.593
261.1	357.193
261.2	355.793
261.3	354.393
261.4	352.993
261.5	351.593
261.6	350.193
261.7	348.793
261.8	347.393
261.9	345.993
262	344.593
262.1	343.193
262.2	341.793
262.3	340.393
262.4	338.993
262.5	337.593
262.6	336.193
262.7	334.793
262.8	333.393
262.9	331.993
263	330.593
263.1	329.193
263.2	327.793
263.3	326.393
263.4	324.993
263.5	323.593
263.6	322.193
263.7	320.793
263.8	319.393
263.9	317.993
264	316.593
264.1	315.193
264.2	313.793
264.3	312.393
264.4	310.993
264.5	309.593
264.6	308.193
264.7	306.793
264.8	305.393
264.9	303.993
265	302.593
265.1	301.193
265.2	299.793
265.3	298.393
265.4	296.993
265.5	295.593
265.6	294.193
265.7	292.793
265.8	291.393
265.9	289.993
266	288.593
266.1	287.193
266.2	285.793
266.3	284.393
266.4	282.993
266.5	281.593
266.6	280.193
266.7	278.793
266.8	277.393
266.9	275.993
267	274.593
267.1	273.193
267.2	271.793
267.3	270.393
267.4	268.993
267.5	267.593
267.6	266.193
267.7	264.793
267.8	263.393
267.9	261.993
268	260.593
268.1	259.193
268.2	257.793
268.3	256.393
268.4	254.993
268.5	253.593
268.6	252.193
268.7	250.793
268.8	249.393
268.9	247.993
269	246.593
269.1	245.193
269.2	243.793
269.3	242.393
269.4	240.993
269.5	239.593
269.6	238.193
269.7	236.793
269.8	235.393
269.9	233.993
270	232.593
270.1	231.193
270.2	229.793
270.3	228.393
270.4	226.993
270.5	225.593
270.6	224.193
270.7	222.793
270.8	221.393
270.9	219.993
271	218.593
271.1	217.193
271.2	215.793
271.3	214.393
271.4	212.993
271.5	211.593
271.6	210.193
271.7	208.793
271.8	207.393
271.9	205.993
272	204.593
272.1	203.193
272.2	201.793
272.3	200.393
272.4	198.993
272.5	197.593
272.6	196.193
272.7	194.793
272.8	193.393
272.9	191.993
273	190.593
273.1	189.193
273.2	187.793
273.3	186.393
273.4	184.993
273.5	183.593
273.6	182.193
273.7	180.793
273.8	179.393
273.9	177.993
274	176.593
274.1	175.193
274.2	173.793
274.3	172.393
274.4	170.993
274.5	169.593
274.6	168.193
274.7	166.793
274.8	165.393
274.9	163.993
275	162.593
275.1	161.193
275.2	159.793
275.3	158.393
275.4	156.993
275.5	155.593
275.6	154.193
275.7	152.793
275.8	151.393
275.9	149.993
276	148.593
276.1	147.193
276.2	145.793
276.3	144.393
276.4	142.993
276.5	141.593
276.6	140.193
276.7	138.793
276.8	137.393
276.9	135.993
277	134.593
277.1	133.193
277.2	131.793
277.3	130.393
277.4	128.993
277.5	127.593
277.6	126.193
277.7	124.793
277.8	123.393
277.9	121.993
278	120.593
278.1	119.193
278.2	117.793
278.3	116.393
278.4	114.993
278.5	113.593
278.6	112.193
278.7	110.793
278.8	109.393
278.9	107.993
279	106.593
279.1	105.193
279.2	103.793
279.3	102.393
279.4	100.993
279.5	99.593
279.6	98.193
279.7	96.793
279.8	95.393
279.9	93.993
280	92.593
280.1	91.193
280.2	89.793
280.3	88.393
280.4	86.993
280.5	85.593
280.6	84.193
280.7	82.793
280.8	81.393
280.9	79.993
281	78.593
281.1	77.193
281.2	75.793
281.3	74.393
281.4	72.993
281.5	71.593
281.6	70.193
281.7	68.793
281.8	67.393
281.9	65.993
282	64.593
282.1	63.193
282.2	61.793
282.3	60.393
282.4	58.993
282.5	57.593
282.6	56.193
282.7	54.793
282.8	53.393
282.9	51.993
283	50.593
283.1	49.193
283.2	47.793
283.3	46.393
283.4	44.993
283.5	43.593
283.6	42.193
283.7	40.793
283.8	39.393
283.9	37.993
284	36.593
284.1	35.193
284.2	33.793
284.3	32.393
284.4	30.993
284.5	29.593
284.6	28.193
284.7	26.793
284.8	25.393
284.9	23.993
285	22.593
285.1	21.193
285.2	19.793
285.3	18.393
285.4	16.993
285.5	15.593
285.6	14.193
285.7	12.793
285.8	11.393
285.9	9.993
286	8.593
286.1	7.193
286.2	5.793
286.3	4.393
286.4	2.993
286.5	1.593
286.6	0.193