0	4000.000
0.1	3999.951
0.2	3999.804
0.3	3999.562
0.4	3999.232
0.5	3998.822
0.6	3998.336
0.7	3997.781
0.8	3997.162
0.9	3996.483
1	3995.750
1.1	3994.967
1.2	3994.136
1.3	3993.263
1.4	3992.349
1.5	3991.399
1.6	3990.414
1.7	3989.398
1.8	3988.353
1.9	3987.281
2	3986.185
2.1	3985.065
2.2	3983.924
2.3	3982.763
2.4	3981.584
2.5	3980.388
2.6	3979.177
2.7	3977.952
2.8	3976.713
2.9	3975.462
3	3974.200
3.1	3972.927
3.2	3971.645
3.3	3970.354
3.4	3969.054
3.5	3967.747
3.6	3966.433
3.7	3965.112
3.8	3963.786
3.9	3962.454
4	3961.116
4.1	3959.774
4.2	3958.428
4.3	3957.077
4.4	3955.723
4.5	3954.365
4.6	3953.004
4.7	3951.640
4.8	3950.273
4.9	3948.904
5	3947.533
5.1	3946.159
5.2	3944.783
5.3	3943.406
5.4	3942.026
5.5	3940.646
5.6	3939.263
5.7	3937.880
5.8	3936.495
5.9	3935.109
6	3933.722
6.1	3932.334
6.2	3930.945
6.3	3929.555
6.4	3928.165
6.5	3926.773
6.6	3925.381
6.7	3923.989
6.8	3922.596
6.9	3921.202
7	3919.808
7.1	3918.413
7.2	3917.018
7.3	3915.623
7.4	3914.227
7.5	3912.831
7.6	3911.435
7.7	3910.038
7.8	3908.641
7.9	3907.244
8	3905.847
8.1	3904.449
8.2	3903.052
8.3	3901.654
8.4	3900.256
8.5	3898.858
8.6	3897.459
8.7	3896.061
8.8	3894.662
8.9	3893.264
9	3891.865
9.1	3890.466
9.2	3889.067
9.3	3887.668
9.4	3886.269
9.5	3884.870
9.6	3883.470
9.7	3882.071
9.8	3880.672
9.9	3879.272
10	3877.873
10.1	3876.473
10.2	3875.074
10.3	3873.674
10.4	3872.275
10.5	3870.875
10.6	3869.475
10.7	3868.076
10.8	3866.676
10.9	3865.276
11	3863.877
11.1	3862.477
11.2	3861.077
11.3	3859.677
11.4	3858.277
11.5	3856.878
11.6	3855.478
11.7	3854.078
11.8	3852.678
11.9	3851.278
12	3849.878
12.1	3848.478
12.2	3847.078
12.3	3845.679
12.4	3844.279
12.5	3842.879
12.6	3841.479
12.7	3840.079
12.8	3838.679
12.9	3837.279
13	3835.879
13.1	3834.479
13.2	3833.079
13.3	3831.679
13.4	3830.279
13.5	3828.879
13.6	3827.479
13.7	3826.079
13.8	3824.679
13.9	3823.279
14	3821.879
14.1	3820.479
14.2	3819.079
14.3	3817.679
14.4	3816.279
14.5	3814.879
14.6	3813.479
14.7	3812.079
14.8	3810.679
14.9	3809.279
15	3807.879
15.1	3806.479
15.2	3805.080
15.3	3803.680
15.4	3802.280
15.5	3800.880
15.6	3799.480
15.7	3798.080
15.8	3796.680
15.9	3795.280
16	3793.880
16.1	3792.480
16.2	3791.080
16.3	3789.680
16.4	3788.280
16.5	3786.880
16.6	3785.480
16.7	3784.080
16.8	3782.680
16.9	3781.280
17	3779.880
17.1	3778.480
17.2	3777.080
17.3	3775.680
17.4	3774.280
17.5	3772.880
17.6	3771.480
17.7	3770.080
17.8	3768.680
17.9	3767.280
18	3765.880
18.1	3764.480
18.2	3763.080
18.3	3761.680
18.4	3760.280
18.5	3758.880
18.6	3757.480
18.7	3756.080
18.8	3754.680
18.9	3753.280
19	3751.880
19.1	3750.480
19.2	3749.080
19.3	3747.680
19.4	3746.280
19.5	3744.880
19.6	3743.480
19.7	3742.080
19.8	3740.680
19.9	3739.280
20	3737.880
20.1	3736.480
20.2	3735.080
20.3	3733.680
20.4	3732.280
20.5	3730.880
20.6	3729.480
20.7	3728.080
20.8	3726.680
20.9	3725.280
21	3723.880
21.1	3722.480
21.2	3721.080
21.3	3719.680
21.4	3718.280
21.5	3716.880
21.6	3715.480
21.7	3714.080
21.8	3712.680
21.9	3711.280
22	3709.880
22.1	3708.480
22.2	3707.080
22.3	3705.680
22.4	3704.280
22.5	3702.880
22.6	3701.480
22.7	3700.080
22.8	3698.680
22.9	3697.280
23	3695.880
23.1	3694.480
23.2	3693.080
23.3	3691.680
23.4	3690.280
23.5	3688.880
23.6	3687.480
23.7	3686.080
23.8	3684.680
23.9	3683.280
24	3681.880
24.1	3680.480
24.2	3679.080
24.3	3677.680
24.4	3676.280
24.5	3674.880
24.6	3673.480
24.7	3672.080
24.8	3670.680
24.9	3669.280
25	3667.880
25.1	3666.480
25.2	3665.080
25.3	3663.680
25.4	3662.280
25.5	3660.880
25.6	3659.480
25.7	3658.080
25.8	3656.680
25.9	3655.280
26	3653.880
26.1	3652.480
26.2	3651.080
26.3	3649.680
26.4	3648.280
26.5	3646.880
26.6	3645.480
26.7	3644.080
26.8	3642.680
26.9	3641.280
27	3639.880
27.1	3638.480
27.2	3637.080
27.3	3635.680
27.4	3634.280
27.5	3632.880
27.6	3631.480
27.7	3630.080
27.8	3628.680
27.9	3627.280
28	3625.880
28.1	3624.480
28.2	3623.080
28.3	3621.680
28.4	3620.280
28.5	3618.880
28.6	3617.480
28.7	3616.080
28.8	3614.680
28.9	3613.280
29	3611.880
29.1	3610.480
29.2	3609.080
29.3	3607.680
29.4	3606.280
29.5	3604.880
29.6	3603.480
29.7	3602.080
29.8	3600.680
29.9	3599.280
30	3597.880
30.1	3596.480
30.2	3595.080
30.3	3593.680
30.4	3592.280
30.5	3590.880
30.6	3589.480
30.7	3588.080
30.8	3586.680
30.9	3585.280
31	3583.880
31.1	3582.480
31.2	3581.080
31.3	3579.680
31.4	3578.280
31.5	3576.880
31.6	3575.480
31.7	3574.080
31.8	3572.680
31.9	3571.280
32	3569.880
32.1	3568.480
32.2	3567.080
32.3	3565.680
32.4	3564.280
32.5	3562.880
32.6	3561.480
32.7	3560.080
32.8	3558.680
32.9	3557.280
33	3555.880
33.1	3554.480
33.2	3553.080
33.3	3551.680
33.4	3550.280
33.5	3548.880
33.6	3547.480
33.7	3546.080
33.8	3544.680
33.9	3543.280
34	3541.880
34.1	3540.480
34.2	3539.080
34.3	3537.680
34.4	3536.280
34.5	3534.880
34.6	3533.480
34.7	3532.080
34.8	3530.680
34.9	3529.280
35	3527.880
35.1	3526.480
35.2	3525.080
35.3	3523.680
35.4	3522.280
35.5	3520.880
35.6	3519.480
35.7	3518.080
35.8	3516.680
35.9	3515.280
36	3513.880
36.1	3512.480
36.2	3511.080
36.3	3509.680
36.4	3508.280
36.5	3506.880
36.6	3505.480
36.7	3504.080
36.8	3502.680
36.9	3501.280
37	3499.880
37.1	3498.480
37.2	3497.080
37.3	3495.680
37.4	3494.280
37.5	3492.880
37.6	3491.480
37.7	3490.080
37.8	3488.680
37.9	3487.280
38	3485.880
38.1	3484.480
38.2	3483.080
38.3	3481.680
38.4	3480.280
38.5	3478.880
38.6	3477.480
38.7	3476.080
38.8	3474.680
38.9	3473.280
39	3471.880
39.1	3470.480
39.2	3469.080
39.3	3467.680
39.4	3466.280
39.5	3464.880
39.6	3463.480
39.7	3462.080
39.8	3460.680
39.9	3459.280
40	3457.880
40.1	3456.480
40.2	3455.080
40.3	3453.680
40.4	3452.280
40.5	3450.880
40.6	3449.480
40.7	3448.080
40.8	3446.680
40.9	3445.280
41	3443.880
41.1	3442.480
41.2	3441.080
41.3	3439.680
41.4	3438.280
41.5	3436.880
41.6	3435.480
41.7	3434.080
41.8	3432.680
41.9	3431.280
42	3429.880
42.1	3428.480
42.2	3427.080
42.3	3425.680
42.4	3424.280
42.5	3422.880
42.6	3421.480
42.7	3420.080
42.8	3418.680
42.9	3417.280
43	3415.880
43.1	3414.480
43.2	3413.080
43.3	3411.680
43.4	3410.280
43.5	3408.880
43.6	3407.480
43.7	3406.080
43.8	3404.680
43.9	3403.280
44	3401.880
44.1	3400.480
44.2	3399.080
44.3	3397.680
44.4	3396.280
44.5	3394.880
44.6	3393.480
44.7	3392.080
44.8	3390.680
44.9	3389.280
45	3387.880
45.1	3386.480
45.2	3385.080
45.3	3383.680
45.4	3382.280
45.5	3380.880
45.6	3379.480
45.7	3378.080
45.8	3376.680
45.9	3375.280
46	3373.880
46.1	3372.480
46.2	3371.080
46.3	3369.680
46.4	3368.280
46.5	3366.880
46.6	3365.480
46.7	3364.080
46.8	3362.680
46.9	3361.280
47	3359.880
47.1	3358.480
47.2	3357.080
47.3	3355.680
47.4	3354.280
47.5	3352.880
47.6	3351.480
47.7	3350.080
47.8	3348.680
47.9	3347.280
48	3345.880
48.1	3344.480
48.2	3343.080
48.3	3341.680
48.4	3340.280
48.5	3338.880
48.6	3337.480
48.7	3336.080
48.8	3334.680
48.9	3333.280
49	3331.880
49.1	3330.480
49.2	3329.080
49.3	3327.680
49.4	3326.280
49.5	3324.880
49.6	3323.480
49.7	3322.080
49.8	3320.680
49.9	3319.280
50	3317.880
50.1	3316.480
50.2	3315.080
50.3	3313.680
50.4	3312.280
50.5	3310.880
50.6	3309.480
50.7	3308.080
50.8	3306.680
50.9	3305.280
51	3303.880
51.1	3302.480
51.2	3301.080
51.3	3299.680
51.4	3298.280
51.5	3296.880
51.6	3295.480
51.7	3294.080
51.8	3292.680
51.9	3291.280
52	3289.880
52.1	3288.480
52.2	3287.080
52.3	3285.680
52.4	3284.280
52.5	3282.880
52.6	3281.480
52.7	3280.080
52.8	3278.680
52.9	3277.280
53	3275.880
53.1	3274.480
53.2	3273.080
53.3	3271.680
53.4	3270.280
53.5	3268.880
53.6	3267.480
53.7	3266.080
53.8	3264.680
53.9	3263.280
54	3261.880
54.1	3260.480
54.2	3259.080
54.3	3257.680
54.4	3256.280
54.5	3254.880
54.6	3253.480
54.7	3252.080
54.8	3250.680
54.9	3249.280
55	3247.880
55.1	3246.480
55.2	3245.080
55.3	3243.680
55.4	3242.280
55.5	3240.880
55.6	3239.480
55.7	3238.080
55.8	3236.680
55.9	3235.280
56	3233.880
56.1	3232.480
56.2	3231.080
56.3	3229.680
56.4	3228.280
56.5	3226.880
56.6	3225.480
56.7	3224.080
56.8	3222.680
56.9	3221.280
57	3219.880
57.1	3218.480
57.2	3217.080
57.3	3215.680
57.4	3214.280
57.5	3212.880
57.6	3211.480
57.7	3210.080
57.8	3208.680
57.9	3207.280
58	3205.880
58.1	3204.480
58.2	3203.080
58.3	3201.680
58.4	3200.280
58.5	3198.880
58.6	3197.480
58.7	3196.080
58.8	3194.680
58.9	3193.280
59	3191.880
59.1	3190.480
59.2	3189.080
59.3	3187.680
59.4	3186.280
59.5	3184.880
59.6	3183.480
59.7	3182.080
59.8	3180.680
59.9	3179.280
60	3177.880
60.1	3176.480
60.2	3175.080
60.3	3173.680
60.4	3172.280
60.5	3170.880
60.6	3169.480
60.7	3168.080
60.8	3166.680
60.9	3165.280
61	3163.880
61.1	3162.480
61.2	3161.080
61.3	3159.680
61.4	3158.280
61.5	3156.880
61.6	3155.480
61.7	3154.080
61.8	3152.680
61.9	3151.280
62	3149.880
62.1	3148.480
62.2	3147.080
62.3	3145.680
62.4	3144.280
62.5	3142.880
62.6	3141.480
62.7	3140.080
62.8	3138.680
62.9	3137.280
63	3135.880
63.1	3134.480
63.2	3133.080
63.3	3131.680
63.4	3130.280
63.5	3128.880
63.6	3127.480
63.7	3126.080
63.8	3124.680
63.9	3123.280
64	3121.880
64.1	3120.480
64.2	3119.080
64.3	3117.680
64.4	3116.280
64.5	3114.880
64.6	3113.480
64.7	3112.080
64.8	3110.680
64.9	3109.280
65	3107.880
65.1	3106.480
65.2	3105.080
65.3	3103.680
65.4	3102.280
65.5	3100.880
65.6	3099.480
65.7	3098.080
65.8	3096.680
65.9	3095.280
66	3093.880
66.1	3092.480
66.2	3091.080
66.3	3089.680
66.4	3088.280
66.5	3086.880
66.6	3085.480
66.7	3084.080
66.8	3082.680
66.9	3081.280
67	3079.880
67.1	3078.480
67.2	3077.080
67.3	3075.680
67.4	3074.280
67.5	3072.880
67.6	3071.480
67.7	3070.080
67.8	3068.680
67.9	3067.280
68	3065.880
68.1	3064.480
68.2	3063.080
68.3	3061.680
68.4	3060.280
68.5	3058.880
68.6	3057.480
68.7	3056.080
68.8	3054.680
68.9	3053.280
69	3051.880
69.1	3050.480
69.2	3049.080
69.3	3047.680
69.4	3046.280
69.5	3044.880
69.6	3043.480
69.7	3042.080
69.8	3040.680
69.9	3039.280
70	3037.880
70.1	3036.480
70.2	3035.080
70.3	3033.680
70.4	3032.280
70.5	3030.880
70.6	3029.480
70.7	3028.080
70.8	3026.680
70.9	3025.280
71	3023.880
71.1	3022.480
71.2	3021.080
71.3	3019.680
71.4	3018.280
71.5	3016.880
71.6	3015.480
71.7	3014.080
71.8	3012.680
71.9	3011.280
72	3009.880
72.1	3008.480
72.2	3007.080
72.3	3005.680
72.4	3004.280
72.5	3002.880
72.6	3001.480
72.7	3000.080
72.8	2998.680
72.9	2997.280
73	2995.880
73.1	2994.480
73.2	2993.080
73.3	2991.680
73.4	2990.280
73.5	2988.880
73.6	2987.480
73.7	2986.080
73.8	2984.680
73.9	2983.280
74	2981.880
74.1	2980.480
74.2	2979.080
74.3	2977.680
74.4	2976.280
74.5	2974.880
74.6	2973.480
74.7	2972.080
74.8	2970.680
74.9	2969.280
75	2967.880
75.1	2966.480
75.2	2965.080
75.3	2963.680
75.4	2962.280
75.5	2960.880
75.6	2959.480
75.7	2958.080
75.8	2956.680
75.9	2955.280
76	2953.880
76.1	2952.480
76.2	2951.080
76.3	2949.680
76.4	2948.280
76.5	2946.880
76.6	2945.480
76.7	2944.080
76.8	2942.680
76.9	2941.280
77	2939.880
77.1	2938.480
77.2	2937.080
77.3	2935.680
77.4	2934.280
77.5	2932.880
77.6	2931.480
77.7	2930.080
77.8	2928.680
77.9	2927.280
78	2925.880
78.1	2924.480
78.2	2923.080
78.3	2921.680
78.4	2920.280
78.5	2918.880
78.6	2917.480
78.7	2916.080
78.8	2914.680
78.9	2913.280
79	2911.880
79.1	2910.480
79.2	2909.080
79.3	2907.680
79.4	2906.280
79.5	2904.880
79.6	2903.480
79.7	2902.080
79.8	2900.680
79.9	2899.280
80	2897.880
80.1	2896.480
80.2	2895.080
80.3	2893.680
80.4	2892.280
80.5	2890.880
80.6	2889.480
80.7	2888.080
80.8	2886.680
80.9	2885.280
81	2883.880
81.1	2882.480
81.2	2881.080
81.3	2879.680
81.4	2878.280
81.5	2876.880
81.6	2875.480
81.7	2874.080
81.8	2872.680
81.9	2871.280
82	2869.880
82.1	2868.480
82.2	2867.080
82.3	2865.680
82.4	2864.280
82.5	2862.880
82.6	2861.480
82.7	2860.080
82.8	2858.680
82.9	2857.280
83	2855.880
83.1	2854.480
83.2	2853.080
83.3	2851.680
83.4	2850.280
83.5	2848.880
83.6	2847.480
83.7	2846.080
83.8	2844.680
83.9	2843.280
84	2841.880
84.1	2840.480
84.2	2839.080
84.3	2837.680
84.4	2836.280
84.5	2834.880
84.6	2833.480
84.7	2832.080
84.8	2830.680
84.9	2829.280
85	2827.880
85.1	2826.480
85.2	2825.080
85.3	2823.680
85.4	2822.280
85.5	2820.880
85.6	2819.480
85.7	2818.080
85.8	2816.680
85.9	2815.280
86	2813.880
86.1	2812.480
86.2	2811.080
86.3	2809.680
86.4	2808.280
86.5	2806.880
86.6	2805.480
86.7	2804.080
86.8	2802.680
86.9	2801.280
87	2799.880
87.1	2798.480
87.2	2797.080
87.3	2795.680
87.4	2794.280
87.5	2792.880
87.6	2791.480
87.7	2790.080
87.8	2788.680
87.9	2787.280
88	2785.880
88.1	2784.480
88.2	2783.080
88.3	2781.680
88.4	2780.280
88.5	2778.880
88.6	2777.480
88.7	2776.080
88.8	2774.680
88.9	2773.280
89	2771.880
89.1	2770.480
89.2	2769.080
89.3	2767.680
89.4	2766.280
89.5	2764.880
89.6	2763.480
89.7	2762.080
89.8	2760.680
89.9	2759.280
90	2757.880
90.1	2756.480
90.2	2755.080
90.3	2753.680
90.4	2752.280
90.5	2750.880
90.6	2749.480
90.7	2748.080
90.8	2746.680
90.9	2745.280
91	2743.880
91.1	2742.480
91.2	2741.080
91.3	2739.680
91.4	2738.280
91.5	2736.880
91.6	2735.480
91.7	2734.080
91.8	2732.680
91.9	2731.280
92	2729.880
92.1	2728.480
92.2	2727.080
92.3	2725.680
92.4	2724.280
92.5	2722.880
92.6	2721.480
92.7	2720.080
92.8	2718.680
92.9	2717.280
93	2715.880
93.1	2714.480
93.2	2713.080
93.3	2711.680
93.4	2710.280
93.5	2708.880
93.6	2707.480
93.7	2706.080
93.8	2704.680
93.9	2703.280
94	2701.880
94.1	2700.480
94.2	2699.080
94.3	2697.680
94.4	2696.280
94.5	2694.880
94.6	2693.480
94.7	2692.080
94.8	2690.680
94.9	2689.280
95	2687.880
95.1	2686.480
95.2	2685.080
95.3	2683.680
95.4	2682.280
95.5	2680.880
95.6	2679.480
95.7	2678.080
95.8	2676.680
95.9	2675.280
96	2673.880
96.1	2672.480
96.2	2671.080
96.3	2669.680
96.4	2668.280
96.5	2666.880
96.6	2665.480
96.7	2664.080
96.8	2662.680
96.9	2661.280
97	2659.880
97.1	2658.480
97.2	2657.080
97.3	2655.680
97.4	2654.280
97.5	2652.880
97.6	2651.480
97.7	2650.080
97.8	2648.680
97.9	2647.280
98	2645.880
98.1	2644.480
98.2	2643.080
98.3	2641.680
98.4	2640.280
98.5	2638.880
98.6	2637.480
98.7	2636.080
98.8	2634.680
98.9	2633.280
99	2631.880
99.1	2630.480
99.2	2629.080
99.3	2627.680
99.4	2626.280
99.5	2624.880
99.6	2623.480
99.7	2622.080
99.8	2620.680
99.9	2619.280
100	2617.880
100.1	2616.480
100.2	2615.080
100.3	2613.680
100.4	2612.280
100.5	2610.880
100.6	2609.480
100.7	2608.080
100.8	2606.680
100.9	2605.280
101	2603.880
101.1	2602.480
101.2	2601.080
101.3	2599.680
101.4	2598.280
101.5	2596.880
101.6	2595.480
101.7	2594.080
101.8	2592.680
101.9	2591.280
102	2589.880
102.1	2588.480
102.2	2587.080
102.3	2585.680
102.4	2584.280
102.5	2582.880
102.6	2581.480
102.7	2580.080
102.8	2578.680
102.9	2577.280
103	2575.880
103.1	2574.480
103.2	2573.080
103.3	2571.680
103.4	2570.280
103.5	2568.880
103.6	2567.480
103.7	2566.080
103.8	2564.680
103.9	2563.280
104	2561.880
104.1	2560.480
104.2	2559.080
104.3	2557.680
104.4	2556.280
104.5	2554.880
104.6	2553.480
104.7	2552.080
104.8	2550.680
104.9	2549.280
105	2547.880
105.1	2546.480
105.2	2545.080
105.3	2543.680
105.4	2542.280
105.5	2540.880
105.6	2539.480
105.7	2538.080
105.8	2536.680
105.9	2535.280
106	2533.880
106.1	2532.480
106.2	2531.080
106.3	2529.680
106.4	2528.280
106.5	2526.880
106.6	2525.480
106.7	2524.080
106.8	2522.680
106.9	2521.280
107	2519.880
107.1	2518.480
107.2	2517.080
107.3	2515.680
107.4	2514.280
107.5	2512.880
107.6	2511.480
107.7	2510.080
107.8	2508.680
107.9	2507.280
108	2505.880
108.1	2504.480
108.2	2503.080
108.3	2501.680
108.4	2500.280
108.5	2498.880
108.6	2497.480
108.7	2496.080
108.8	2494.680
108.9	2493.280
109	2491.880
109.1	2490.480
109.2	2489.080
109.3	2487.680
109.4	2486.280
109.5	2484.880
109.6	2483.480
109.7	2482.080
109.8	2480.680
109.9	2479.280
110	2477.880
110.1	2476.480
110.2	2475.080
110.3	2473.680
110.4	2472.280
110.5	2470.880
110.6	2469.480
110.7	2468.080
110.8	2466.680
110.9	2465.280
111	2463.880
111.1	2462.480
111.2	2461.080
111.3	2459.680
111.4	2458.280
111.5	2456.880
111.6	2455.480
111.7	2454.080
111.8	2452.680
111.9	2451.280
112	2449.880
112.1	2448.480
112.2	2447.080
112.3	2445.680
112.4	2444.280
112.5	2442.880
112.6	2441.480
112.7	2440.080
112.8	2438.680
112.9	2437.280
113	2435.880
113.1	2434.480
113.2	2433.080
113.3	2431.680
113.4	2430.280
113.5	2428.880
113.6	2427.480
113.7	2426.080
113.8	2424.680
113.9	2423.280
114	2421.880
114.1	2420.480
114.2	2419.080
114.3	2417.680
114.4	2416.280
114.5	2414.880
114.6	2413.480
114.7	2412.080
114.8	2410.680
114.9	2409.280
115	2407.880
115.1	2406.480
115.2	2405.080
115.3	2403.680
115.4	2402.280
115.5	2400.880
115.6	2399.480
115.7	2398.080
115.8	2396.680
115.9	2395.280
116	2393.880
116.1	2392.480
116.2	2391.080
116.3	2389.680
116.4	2388.280
116.5	2386.880
116.6	2385.480
116.7	2384.080
116.8	2382.680
116.9	2381.280
117	2379.880
117.1	2378.480
117.2	2377.080
117.3	2375.680
117.4	2374.280
117.5	2372.880
117.6	2371.480
117.7	2370.080
117.8	2368.680
117.9	2367.280
118	2365.880
118.1	2364.480
118.2	2363.080
118.3	2361.680
118.4	2360.280
118.5	2358.880
118.6	2357.480
118.7	2356.080
118.8	2354.680
118.9	2353.280
119	2351.880
119.1	2350.480
119.2	2349.080
119.3	2347.680
119.4	2346.280
119.5	2344.880
119.6	2343.480
119.7	2342.080
119.8	2340.680
119.9	2339.280
120	2337.880
120.1	2336.480
120.2	2335.080
120.3	2333.680
120.4	2332.280
120.5	2330.880
120.6	2329.480
120.7	2328.080
120.8	2326.680
120.9	2325.280
121	2323.880
121.1	2322.480
121.2	2321.080
121.3	2319.680
121.4	2318.280
121.5	2316.880
121.6	2315.480
121.7	2314.080
121.8	2312.680
121.9	2311.280
122	2309.880
122.1	2308.480
122.2	2307.080
122.3	2305.680
122.4	2304.280
122.5	2302.880
122.6	2301.480
122.7	2300.080
122.8	2298.680
122.9	2297.280
123	2295.880
123.1	2294.480
123.2	2293.080
123.3	2291.680
123.4	2290.280
123.5	2288.880
123.6	2287.480
123.7	2286.080
123.8	2284.680
123.9	2283.280
124	2281.880
124.1	2280.480
124.2	2279.080
124.3	2277.680
124.4	2276.280
124.5	2274.880
124.6	2273.480
124.7	2272.080
124.8	2270.680
124.9	2269.280
125	2267.880
125.1	2266.480
125.2	2265.080
125.3	2263.680
125.4	2262.280
125.5	2260.880
125.6	2259.480
125.7	2258.080
125.8	2256.680
125.9	2255.280
126	2253.880
126.1	2252.480
126.2	2251.080
126.3	2249.680
126.4	2248.280
126.5	2246.880
126.6	2245.480
126.7	2244.080
126.8	2242.680
126.9	2241.280
127	2239.880
127.1	2238.480
127.2	2237.080
127.3	2235.680
127.4	2234.280
127.5	2232.880
127.6	2231.480
127.7	2230.080
127.8	2228.680
127.9	2227.280
128	2225.880
128.1	2224.480
128.2	2223.080
128.3	2221.680
128.4	2220.280
128.5	2218.880
128.6	2217.480
128.7	2216.080
128.8	2214.680
128.9	2213.280
129	2211.880
129.1	2210.480
129.2	2209.080
129.3	2207.680
129.4	2206.280
129.5	2204.880
129.6	2203.480
129.7	2202.080
129.8	2200.680
129.9	2199.280
130	2197.880
130.1	2196.480
130.2	2195.080
130.3	2193.680
130.4	2192.280
130.5	2190.880
130.6	2189.480
130.7	2188.080
130.8	2186.680
130.9	2185.280
131	2183.880
131.1	2182.480
131.2	2181.080
131.3	2179.680
131.4	2178.280
131.5	2176.880
131.6	2175.480
131.7	2174.080
131.8	2172.680
131.9	2171.280
132	2169.880
132.1	2168.480
132.2	2167.080
132.3	2165.680
132.4	2164.280
132.5	2162.880
132.6	2161.480
132.7	2160.080
132.8	2158.680
132.9	2157.280
133	2155.880
133.1	2154.480
133.2	2153.080
133.3	2151.680
133.4	2150.280
133.5	2148.880
133.6	2147.480
133.7	2146.080
133.8	2144.680
133.9	2143.280
134	2141.880
134.1	2140.480
134.2	2139.080
134.3	2137.680
134.4	2136.280
134.5	2134.880
134.6	2133.480
134.7	2132.080
134.8	2130.680
134.9	2129.280
135	2127.880
135.1	2126.480
135.2	2125.080
135.3	2123.680
135.4	2122.280
135.5	2120.880
135.6	2119.480
135.7	2118.080
135.8	2116.680
135.9	2115.280
136	2113.880
136.1	2112.480
136.2	2111.080
136.3	2109.680
136.4	2108.280
136.5	2106.880
136.6	2105.480
136.7	2104.080
136.8	2102.680
136.9	2101.280
137	2099.880
137.1	2098.480
137.2	2097.080
137.3	2095.680
137.4	2094.280
137.5	2092.880
137.6	2091.480
137.7	2090.080
137.8	2088.680
137.9	2087.280
138	2085.880
138.1	2084.480
138.2	2083.080
138.3	2081.680
138.4	2080.280
138.5	2078.880
138.6	2077.480
138.7	2076.080
138.8	2074.680
138.9	2073.280
139	2071.880
139.1	2070.480
139.2	2069.080
139.3	2067.680
139.4	2066.280
139.5	2064.880
139.6	2063.480
139.7	2062.080
139.8	2060.680
139.9	2059.280
140	2057.880
140.1	2056.480
140.2	2055.080
140.3	2053.680
140.4	2052.280
140.5	2050.880
140.6	2049.480
140.7	2048.080
140.8	2046.680
140.9	2045.280
141	2043.880
141.1	2042.480
141.2	2041.080
141.3	2039.680
141.4	2038.280
141.5	2036.880
141.6	2035.480
141.7	2034.080
141.8	2032.680
141.9	2031.280
142	2029.880
142.1	2028.480
142.2	2027.080
142.3	2025.680
142.4	2024.280
142.5	2022.880
142.6	2021.480
142.7	2020.080
142.8	2018.680
142.9	2017.280
143	2015.880
143.1	2014.480
143.2	2013.080
143.3	2011.680
143.4	2010.280
143.5	2008.880
143.6	2007.480
143.7	2006.080
143.8	2004.680
143.9	2003.280
144	2001.880
144.1	2000.480
144.2	1999.080
144.3	1997.680
144.4	1996.280
144.5	1994.880
144.6	1993.480
144.7	1992.080
144.8	1990.680
144.9	1989.280
145	1987.880
145.1	1986.480
145.2	1985.080
145.3	1983.680
145.4	1982.280
145.5	1980.880
145.6	1979.480
145.7	1978.080
145.8	1976.680
145.9	1975.280
146	1973.880
146.1	1972.480
146.2	1971.080
146.3	1969.680
146.4	1968.280
146.5	1966.880
146.6	1965.480
146.7	1964.080
146.8	1962.680
146.9	1961.280
147	1959.880
147.1	1958.480
147.2	1957.080
147.3	1955.680
147.4	1954.280
147.5	1952.880
147.6	1951.480
147.7	1950.080
147.8	1948.680
147.9	1947.280
148	1945.880
148.1	1944.480
148.2	1943.080
148.3	1941.680
148.4	1940.280
148.5	1938.880
148.6	1937.480
148.7	1936.080
148.8	1934.680
148.9	1933.280
149	1931.880
149.1	1930.480
149.2	1929.080
149.3	1927.680
149.4	1926.280
149.5	1924.880
149.6	1923.480
149.7	1922.080
149.8	1920.680
149.9	1919.280
150	1917.880
150.1	1916.480
150.2	1915.080
150.3	1913.680
150.4	1912.280
150.5	1910.880
150.6	1909.480
150.7	1908.080
150.8	1906.680
150.9	1905.280
151	1903.880
151.1	1902.480
151.2	1901.080
151.3	1899.680
151.4	1898.280
151.5	1896.880
151.6	1895.480
151.7	1894.080
151.8	1892.680
151.9	1891.280
152	1889.880
152.1	1888.480
152.2	1887.080
152.3	1885.680
152.4	1884.280
152.5	1882.880
152.6	1881.480
152.7	1880.080
152.8	1878.680
152.9	1877.280
153	1875.880
153.1	1874.480
153.2	1873.080
153.3	1871.680
153.4	1870.280
153.5	1868.880
153.6	1867.480
153.7	1866.080
153.8	1864.680
153.9	1863.280
154	1861.880
154.1	1860.480
154.2	1859.080
154.3	1857.680
154.4	1856.280
154.5	1854.880
154.6	1853.480
154.7	1852.080
154.8	1850.680
154.9	1849.280
155	1847.880
155.1	1846.480
155.2	1845.080
155.3	1843.680
155.4	1842.280
155.5	1840.880
155.6	1839.480
155.7	1838.080
155.8	1836.680
155.9	1835.280
156	1833.880
156.1	1832.480
156.2	1831.080
156.3	1829.680
156.4	1828.280
156.5	1826.880
156.6	1825.480
156.7	1824.080
156.8	1822.680
156.9	1821.280
157	1819.880
157.1	1818.480
157.2	1817.080
157.3	1815.680
157.4	1814.280
157.5	1812.880
157.6	1811.480
157.7	1810.080
157.8	1808.680
157.9	1807.280
158	1805.880
158.1	1804.480
158.2	1803.080
158.3	1801.680
158.4	1800.280
158.5	1798.880
158.6	1797.480
158.7	1796.080
158.8	1794.680
158.9	1793.280
159	1791.880
159.1	1790.480
159.2	1789.080
159.3	1787.680
159.4	1786.280
159.5	1784.880
159.6	1783.480
159.7	1782.080
159.8	1780.680
159.9	1779.280
160	1777.880
160.1	1776.480
160.2	1775.080
160.3	1773.680
160.4	1772.280
160.5	1770.880
160.6	1769.480
160.7	1768.080
160.8	1766.680
160.9	1765.280
161	1763.880
161.1	1762.480
161.2	1761.080
161.3	1759.680
161.4	1758.280
161.5	1756.880
161.6	1755.480
161.7	1754.080
161.8	1752.680
161.9	1751.280
162	1749.880
162.1	1748.480
162.2	1747.080
162.3	1745.680
162.4	1744.280
162.5	1742.880
162.6	1741.480
162.7	1740.080
162.8	1738.680
162.9	1737.280
163	1735.880
163.1	1734.480
163.2	1733.080
163.3	1731.680
163.4	1730.280
163.5	1728.880
163.6	1727.480
163.7	1726.080
163.8	1724.680
163.9	1723.280
164	1721.880
164.1	1720.480
164.2	1719.080
164.3	1717.680
164.4	1716.280
164.5	1714.880
164.6	1713.480
164.7	1712.080
164.8	1710.680
164.9	1709.280
165	1707.880
165.1	1706.480
165.2	1705.080
165.3	1703.680
165.4	1702.280
165.5	1700.880
165.6	1699.480
165.7	1698.080
165.8	1696.680
165.9	1695.280
166	1693.880
166.1	1692.480
166.2	1691.080
166.3	1689.680
166.4	1688.280
166.5	1686.880
166.6	1685.480
166.7	1684.080
166.8	1682.680
166.9	1681.280
167	1679.880
167.1	1678.480
167.2	1677.080
167.3	1675.680
167.4	1674.280
167.5	1672.880
167.6	1671.480
167.7	1670.080
167.8	1668.680
167.9	1667.280
168	1665.880
168.1	1664.480
168.2	1663.080
168.3	1661.680
168.4	1660.280
168.5	1658.880
168.6	1657.480
168.7	1656.080
168.8	1654.680
168.9	1653.280
169	1651.880
169.1	1650.480
169.2	1649.080
169.3	1647.680
169.4	1646.280
169.5	1644.880
169.6	1643.480
169.7	1642.080
169.8	1640.680
169.9	1639.280
170	1637.880
170.1	1636.480
170.2	1635.080
170.3	1633.680
170.4	1632.280
170.5	1630.880
170.6	1629.480
170.7	1628.080
170.8	1626.680
170.9	1625.280
171	1623.880
171.1	1622.480
171.2	1621.080
171.3	1619.680
171.4	1618.280
171.5	1616.880
171.6	1615.480
171.7	1614.080
171.8	1612.680
171.9	1611.280
172	1609.880
172.1	1608.480
172.2	1607.080
172.3	1605.680
172.4	1604.280
172.5	1602.880
172.6	1601.480
172.7	1600.080
172.8	1598.680
172.9	1597.280
173	1595.880
173.1	1594.480
173.2	1593.080
173.3	1591.680
173.4	1590.280
173.5	1588.880
173.6	1587.480
173.7	1586.080
173.8	1584.680
173.9	1583.280
174	1581.880
174.1	1580.480
174.2	1579.080
174.3	1577.680
174.4	1576.280
174.5	1574.880
174.6	1573.480
174.7	1572.080
174.8	1570.680
174.9	1569.280
175	1567.880
175.1	1566.480
175.2	1565.080
175.3	1563.680
175.4	1562.280
175.5	1560.880
175.6	1559.480
175.7	1558.080
175.8	1556.680
175.9	1555.280
176	1553.880
176.1	1552.480
176.2	1551.080
176.3	1549.680
176.4	1548.280
176.5	1546.880
176.6	1545.480
176.7	1544.080
176.8	1542.680
176.9	1541.280
177	1539.880
177.1	1538.480
177.2	1537.080
177.3	1535.680
177.4	1534.280
177.5	1532.880
177.6	1531.480
177.7	1530.080
177.8	1528.680
177.9	1527.280
178	1525.880
178.1	1524.480
178.2	1523.080
178.3	1521.680
178.4	1520.280
178.5	1518.880
178.6	1517.480
178.7	1516.080
178.8	1514.680
178.9	1513.280
179	1511.880
179.1	1510.480
179.2	1509.080
179.3	1507.680
179.4	1506.280
179.5	1504.880
179.6	1503.480
179.7	1502.080
179.8	1500.680
179.9	1499.280
180	1497.880
180.1	1496.480
180.2	1495.080
180.3	1493.680
180.4	1492.280
180.5	1490.880
180.6	1489.480
180.7	1488.080
180.8	1486.680
180.9	1485.280
181	1483.880
181.1	1482.480
181.2	1481.080
181.3	1479.680
181.4	1478.280
181.5	1476.880
181.6	1475.480
181.7	1474.080
181.8	1472.680
181.9	1471.280
182	1469.880
182.1	1468.480
182.2	1467.080
182.3	1465.680
182.4	1464.280
182.5	1462.880
182.6	1461.480
182.7	1460.080
182.8	1458.680
182.9	1457.280
183	1455.880
183.1	1454.480
183.2	1453.080
183.3	1451.680
183.4	1450.280
183.5	1448.880
183.6	1447.480
183.7	1446.080
183.8	1444.680
183.9	1443.280
184	1441.880
184.1	1440.480
184.2	1439.080
184.3	1437.680
184.4	1436.280
184.5	1434.880
184.6	1433.480
184.7	1432.080
184.8	1430.680
184.9	1429.280
185	1427.880
185.1	1426.480
185.2	1425.080
185.3	1423.680
185.4	1422.280
185.5	1420.880
185.6	1419.480
185.7	1418.080
185.8	1416.680
185.9	1415.280
186	1413.880
186.1	1412.480
186.2	1411.080
186.3	1409.680
186.4	1408.280
186.5	1406.880
186.6	1405.480
186.7	1404.080
186.8	1402.680
186.9	1401.280
187	1399.880
187.1	1398.480
187.2	1397.080
187.3	1395.680
187.4	1394.280
187.5	1392.880
187.6	1391.480
187.7	1390.080
187.8	1388.680
187.9	1387.280
188	1385.880
188.1	1384.480
188.2	1383.080
188.3	1381.680
188.4	1380.280
188.5	1378.880
188.6	1377.480
188.7	1376.080
188.8	1374.680
188.9	1373.280
189	1371.880
189.1	1370.480
189.2	1369.080
189.3	1367.680
189.4	1366.280
189.5	1364.880
189.6	1363.480
189.7	1362.080
189.8	1360.680
189.9	1359.280
190	1357.880
190.1	1356.480
190.2	1355.080
190.3	1353.680
190.4	1352.280
190.5	1350.880
190.6	1349.480
190.7	1348.080
190.8	1346.680
190.9	1345.280
191	1343.880
191.1	1342.480
191.2	1341.080
191.3	1339.680
191.4	1338.280
191.5	1336.880
191.6	1335.480
191.7	1334.080
191.8	1332.680
191.9	1331.280
192	1329.880
192.1	1328.480
192.2	1327.080
192.3	1325.680
192.4	1324.280
192.5	1322.880
192.6	1321.480
192.7	1320.080
192.8	1318.680
192.9	1317.280
193	1315.880
193.1	1314.480
193.2	1313.080
193.3	1311.680
193.4	1310.280
193.5	1308.880
193.6	1307.480
193.7	1306.080
193.8	1304.680
193.9	1303.280
194	1301.880
194.1	1300.480
194.2	1299.080
194.3	1297.680
194.4	1296.280
194.5	1294.880
194.6	1293.480
194.7	1292.080
194.8	1290.680
194.9	1289.280
195	1287.880
195.1	1286.480
195.2	1285.080
195.3	1283.680
195.4	1282.280
195.5	1280.880
195.6	1279.480
195.7	1278.080
195.8	1276.680
195.9	1275.280
196	1273.880
196.1	1272.480
196.2	1271.080
196.3	1269.680
196.4	1268.280
196.5	1266.880
196.6	1265.480
196.7	1264.080
196.8	1262.680
196.9	1261.280
197	1259.880
197.1	1258.480
197.2	1257.080
197.3	1255.680
197.4	1254.280
197.5	1252.880
197.6	1251.480
197.7	1250.080
197.8	1248.680
197.9	1247.280
198	1245.880
198.1	1244.480
198.2	1243.080
198.3	1241.680
198.4	1240.280
198.5	1238.880
198.6	1237.480
198.7	1236.080
198.8	1234.680
198.9	1233.280
199	1231.880
199.1	1230.480
199.2	1229.080
199.3	1227.680
199.4	1226.280
199.5	1224.880
199.6	1223.480
199.7	1222.080
199.8	1220.680
199.9	1219.280
200	1217.880
200.1	1216.480
200.2	1215.080
200.3	1213.680
200.4	1212.280
200.5	1210.880
200.6	1209.480
200.7	1208.080
200.8	1206.680
200.9	1205.280
201	1203.880
201.1	1202.480
201.2	1201.080
201.3	1199.680
201.4	1198.280
201.5	1196.880
201.6	1195.480
201.7	1194.080
201.8	1192.680
201.9	1191.280
202	1189.880
202.1	1188.480
202.2	1187.080
202.3	1185.680
202.4	1184.280
202.5	1182.880
202.6	1181.480
202.7	1180.080
202.8	1178.680
202.9	1177.280
203	1175.880
203.1	1174.480
203.2	1173.080
203.3	1171.680
203.4	1170.280
203.5	1168.880
203.6	1167.480
203.7	1166.080
203.8	1164.680
203.9	1163.280
204	1161.880
204.1	1160.480
204.2	1159.080
204.3	1157.680
204.4	1156.280
204.5	1154.880
204.6	1153.480
204.7	1152.080
204.8	1150.680
204.9	1149.280
205	1147.880
205.1	1146.480
205.2	1145.080
205.3	1143.680
205.4	1142.280
205.5	1140.880
205.6	1139.480
205.7	1138.080
205.8	1136.680
205.9	1135.280
206	1133.880
206.1	1132.480
206.2	1131.080
206.3	1129.680
206.4	1128.280
206.5	1126.880
206.6	1125.480
206.7	1124.080
206.8	1122.680
206.9	1121.280
207	1119.880
207.1	1118.480
207.2	1117.080
207.3	1115.680
207.4	1114.280
207.5	1112.880
207.6	1111.480
207.7	1110.080
207.8	1108.680
207.9	1107.280
208	1105.880
208.1	1104.480
208.2	1103.080
208.3	1101.680
208.4	1100.280
208.5	1098.880
208.6	1097.480
208.7	1096.080
208.8	1094.680
208.9	1093.280
209	1091.880
209.1	1090.480
209.2	1089.080
209.3	1087.680
209.4	1086.280
209.5	1084.880
209.6	1083.480
209.7	1082.080
209.8	1080.680
209.9	1079.280
210	1077.880
210.1	1076.480
210.2	1075.080
210.3	1073.680
210.4	1072.280
210.5	1070.880
210.6	1069.480
210.7	1068.080
210.8	1066.680
210.9	1065.280
211	1063.880
211.1	1062.480
211.2	1061.080
211.3	1059.680
211.4	1058.280
211.5	1056.880
211.6	1055.480
211.7	1054.080
211.8	1052.680
211.9	1051.280
212	1049.880
212.1	1048.480
212.2	1047.080
212.3	1045.680
212.4	1044.280
212.5	1042.880
212.6	1041.480
212.7	1040.080
212.8	1038.680
212.9	1037.280
213	1035.880
213.1	1034.480
213.2	1033.080
213.3	1031.680
213.4	1030.280
213.5	1028.880
213.6	1027.480
213.7	1026.080
213.8	1024.680
213.9	1023.280
214	1021.880
214.1	1020.480
214.2	1019.080
214.3	1017.680
214.4	1016.280
214.5	1014.880
214.6	1013.480
214.7	1012.080
214.8	1010.680
214.9	1009.280
215	1007.880
215.1	1006.480
215.2	1005.080
215.3	1003.680
215.4	1002.280
215.5	1000.880
215.6	999.480
215.7	998.080
215.8	996.680
215.9	995.280
216	993.880
216.1	992.480
216.2	991.080
216.3	989.680
216.4	988.280
216.5	986.880
216.6	985.480
216.7	984.080
216.8	982.680
216.9	981.280
217	979.880
217.1	978.480
217.2	977.080
217.3	975.680
217.4	974.280
217.5	972.880
217.6	971.480
217.7	970.080
217.8	968.680
217.9	967.280
218	965.880
218.1	964.480
218.2	963.080
218.3	961.680
218.4	960.280
218.5	958.880
218.6	957.480
218.7	956.080
218.8	954.680
218.9	953.280
219	951.880
219.1	950.480
219.2	949.080
219.3	947.680
219.4	946.280
219.5	944.880
219.6	943.480
219.7	942.080
219.8	940.680
219.9	939.280
220	937.880
220.1	936.480
220.2	935.080
220.3	933.680
220.4	932.280
220.5	930.880
220.6	929.480
220.7	928.080
220.8	926.680
220.9	925.280
221	923.880
221.1	922.480
221.2	921.080
221.3	919.680
221.4	918.280
221.5	916.880
221.6	915.480
221.7	914.080
221.8	912.680
221.9	911.280
222	909.880
222.1	908.480
222.2	907.080
222.3	905.680
222.4	904.280
222.5	902.880
222.6	901.480
222.7	900.080
222.8	898.680
222.9	897.280
223	895.880
223.1	894.480
223.2	893.080
223.3	891.680
223.4	890.280
223.5	888.880
223.6	887.480
223.7	886.080
223.8	884.680
223.9	883.280
224	881.880
224.1	880.480
224.2	879.080
224.3	877.680
224.4	876.280
224.5	874.880
224.6	873.480
224.7	872.080
224.8	870.680
224.9	869.280
225	867.880
225.1	866.480
225.2	865.080
225.3	863.680
225.4	862.280
225.5	860.880
225.6	859.480
225.7	858.080
225.8	856.680
225.9	855.280
226	853.880
226.1	852.480
226.2	851.080
226.3	849.680
226.4	848.280
226.5	846.880
226.6	845.480
226.7	844.080
226.8	842.680
226.9	841.280
227	839.880
227.1	838.480
227.2	837.080
227.3	835.680
227.4	834.280
227.5	832.880
227.6	831.480
227.7	830.080
227.8	828.680
227.9	827.280
228	825.880
228.1	824.480
228.2	823.080
228.3	821.680
228.4	820.280
228.5	818.880
228.6	817.480
228.7	816.080
228.8	814.680
228.9	813.280
229	811.880
229.1	810.480
229.2	809.080
229.3	807.680
229.4	806.280
229.5	804.880
229.6	803.480
229.7	802.080
229.8	800.680
229.9	799.280
230	797.880
230.1	796.480
230.2	795.080
230.3	793.680
230.4	792.280
230.5	790.880
230.6	789.480
230.7	788.080
230.8	786.680
230.9	785.280
231	783.880
231.1	782.480
231.2	781.080
231.3	779.680
231.4	778.280
231.5	776.880
231.6	775.480
231.7	774.080
231.8	772.680
231.9	771.280
232	769.880
232.1	768.480
232.2	767.080
232.3	765.680
232.4	764.280
232.5	762.880
232.6	761.480
232.7	760.080
232.8	758.680
232.9	757.280
233	755.880
233.1	754.480
233.2	753.080
233.3	751.680
233.4	750.280
233.5	748.880
233.6	747.480
233.7	746.080
233.8	744.680
233.9	743.280
234	741.880
234.1	740.480
234.2	739.080
234.3	737.680
234.4	736.280
234.5	734.880
234.6	733.480
234.7	732.080
234.8	730.680
234.9	729.280
235	727.880
235.1	726.480
235.2	725.080
235.3	723.680
235.4	722.280
235.5	720.880
235.6	719.480
235.7	718.080
235.8	716.680
235.9	715.280
236	713.880
236.1	712.480
236.2	711.080
236.3	709.680
236.4	708.280
236.5	706.880
236.6	705.480
236.7	704.080
236.8	702.680
236.9	701.280
237	699.880
237.1	698.480
237.2	697.080
237.3	695.680
237.4	694.280
237.5	692.880
237.6	691.480
237.7	690.080
237.8	688.680
237.9	687.280
238	685.880
238.1	684.480
238.2	683.080
238.3	681.680
238.4	680.280
238.5	678.880
238.6	677.480
238.7	676.080
238.8	674.680
238.9	673.280
239	671.880
239.1	670.480
239.2	669.080
239.3	667.680
239.4	666.280
239.5	664.880
239.6	663.480
239.7	662.080
239.8	660.680
239.9	659.280
240	657.880
240.1	656.480
240.2	655.080
240.3	653.680
240.4	652.280
240.5	650.880
240.6	649.480
240.7	648.080
240.8	646.680
240.9	645.280
241	643.880
241.1	642.480
241.2	641.080
241.3	639.680
241.4	638.280
241.5	636.880
241.6	635.480
241.7	634.080
241.8	632.680
241.9	631.280
242	629.880
242.1	628.480
242.2	627.080
242.3	625.680
242.4	624.280
242.5	622.880
242.6	621.480
242.7	620.080
242.8	618.680
242.9	617.280
243	615.880
243.1	614.480
243.2	613.080
243.3	611.680
243.4	610.280
243.5	608.880
243.6	607.480
243.7	606.080
243.8	604.680
243.9	603.280
244	601.880
244.1	600.480
244.2	599.080
244.3	597.680
244.4	596.280
244.5	594.880
244.6	593.480
244.7	592.080
244.8	590.680
244.9	589.280
245	587.880
245.1	586.480
245.2	585.080
245.3	583.680
245.4	582.280
245.5	580.880
245.6	579.480
245.7	578.080
245.8	576.680
245.9	575.280
246	573.880
246.1	572.480
246.2	571.080
246.3	569.680
246.4	568.280
246.5	566.880
246.6	565.480
246.7	564.080
246.8	562.680
246.9	561.280
247	559.880
247.1	558.480
247.2	557.080
247.3	555.680
247.4	554.280
247.5	552.880
247.6	551.480
247.7	550.080
247.8	548.680
247.9	547.280
248	545.880
248.1	544.480
248.2	543.080
248.3	541.680
248.4	540.280
248.5	538.880
248.6	537.480
248.7	536.080
248.8	534.680
248.9	533.280
249	531.880
249.1	530.480
249.2	529.080
249.3	527.680
249.4	526.280
249.5	524.880
249.6	523.480
249.7	522.080
249.8	520.680
249.9	519.280
250	517.880
250.1	516.480
250.2	515.080
250.3	513.680
250.4	512.280
250.5	510.880
250.6	509.480
250.7	508.080
250.8	506.680
250.9	505.280
251	503.880
251.1	502.480
251.2	501.080
251.3	499.680
251.4	498.280
251.5	496.880
251.6	495.480
251.7	494.080
251.8	492.680
251.9	491.280
252	489.880
252.1	488.480
252.2	487.080
252.3	485.680
252.4	484.280
252.5	482.880
252.6	481.480
252.7	480.080
252.8	478.680
252.9	477.280
253	475.880
253.1	474.480
253.2	473.080
253.3	471.680
253.4	470.280
253.5	468.880
253.6	467.480
253.7	466.080
253.8	464.680
253.9	463.280
254	461.880
254.1	460.480
254.2	459.080
254.3	457.680
254.4	456.280
254.5	454.880
254.6	453.480
254.7	452.080
254.8	450.680
254.9	449.280
255	447.880
255.1	446.480
255.2	445.080
255.3	443.680
255.4	442.280
255.5	440.880
255.6	439.480
255.7	438.080
255.8	436.680
255.9	435.280
256	433.880
256.1	432.480
256.2	431.080
256.3	429.680
256.4	428.280
256.5	426.880
256.6	425.480
256.7	424.080
256.8	422.680
256.9	421.280
257	419.880
257.1	418.480
257.2	417.080
257.3	415.680
257.4	414.280
257.5	412.880
257.6	411.480
257.7	410.080
257.8	408.680
257.9	407.280
258	405.880
258.1	404.480
258.2	403.080
258.3	401.680
258.4	400.280
258.5	398.880
258.6	397.480
258.7	396.080
258.8	394.680
258.9	393.280
259	391.880
259.1	390.480
259.2	389.080
259.3	387.680
259.4	386.280
259.5	384.880
259.6	383.480
259.7	382.080
259.8	380.680
259.9	379.280
260	377.880
260.1	376.480
260.2	375.080
260.3	373.680
260.4	372.280
260.5	370.880
260.6	369.480
260.7	368.080
260.8	366.680
260.9	365.280
261	363.880
261.1	362.480
261.2	361.080
261.3	359.680
261.4	358.280
261.5	356.880
261.6	355.480
261.7	354.080
261.8	352.680
261.9	351.280
262	349.880
262.1	348.480
262.2	347.080
262.3	345.680
262.4	344.280
262.5	342.880
262.6	341.480
262.7	340.080
262.8	338.680
262.9	337.280
263	335.880
263.1	334.480
263.2	333.080
263.3	331.680
263.4	330.280
263.5	328.880
263.6	327.480
263.7	326.080
263.8	324.680
263.9	323.280
264	321.880
264.1	320.480
264.2	319.080
264.3	317.680
264.4	316.280
264.5	314.880
264.6	313.480
264.7	312.080
264.8	310.680
264.9	309.280
265	307.880
265.1	306.480
265.2	305.080
265.3	303.680
265.4	302.280
265.5	300.880
265.6	299.480
265.7	298.080
265.8	296.680
265.9	295.280
266	293.880
266.1	292.480
266.2	291.080
266.3	289.680
266.4	288.280
266.5	286.880
266.6	285.480
266.7	284.080
266.8	282.680
266.9	281.280
267	279.880
267.1	278.480
267.2	277.080
267.3	275.680
267.4	274.280
267.5	272.880
267.6	271.480
267.7	270.080
267.8	268.680
267.9	267.280
268	265.880
268.1	264.480
268.2	263.080
268.3	261.680
268.4	260.280
268.5	258.880
268.6	257.480
268.7	256.080
268.8	254.680
268.9	253.280
269	251.880
269.1	250.480
269.2	249.080
269.3	247.680
269.4	246.280
269.5	244.880
269.6	243.480
269.7	242.080
269.8	240.680
269.9	239.280
270	237.880
270.1	236.480
270.2	235.080
270.3	233.680
270.4	232.280
270.5	230.880
270.6	229.480
270.7	228.080
270.8	226.680
270.9	225.280
271	223.880
271.1	222.480
271.2	221.080
271.3	219.680
271.4	218.280
271.5	216.880
271.6	215.480
271.7	214.080
271.8	212.680
271.9	211.280
272	209.880
272.1	208.480
272.2	207.080
272.3	205.680
272.4	204.280
272.5	202.880
272.6	201.480
272.7	200.080
272.8	198.680
272.9	197.280
273	195.880
273.1	194.480
273.2	193.080
273.3	191.680
273.4	190.280
273.5	188.880
273.6	187.480
273.7	186.080
273.8	184.680
273.9	183.280
274	181.880
274.1	180.480
274.2	179.080
274.3	177.680
274.4	176.280
274.5	174.880
274.6	173.480
274.7	172.080
274.8	170.680
274.9	169.280
275	167.880
275.1	166.480
275.2	165.080
275.3	163.680
275.4	162.280
275.5	160.880
275.6	159.480
275.7	158.080
275.8	156.680
275.9	155.280
276	153.880
276.1	152.480
276.2	151.080
276.3	149.680
276.4	148.280
276.5	146.880
276.6	145.480
276.7	144.080
276.8	142.680
276.9	141.280
277	139.880
277.1	138.480
277.2	137.080
277.3	135.680
277.4	134.280
277.5	132.880
277.6	131.480
277.7	130.080
277.8	128.680
277.9	127.280
278	125.880
278.1	124.480
278.2	123.080
278.3	121.680
278.4	120.280
278.5	118.880
278.6	117.480
278.7	116.080
278.8	114.680
278.9	113.280
279	111.880
279.1	110.480
279.2	109.080
279.3	107.680
279.4	106.280
279.5	104.880
279.6	103.480
279.7	102.080
279.8	100.680
279.9	99.280
280	97.880
280.1	96.480
280.2	95.080
280.3	93.680
280.4	92.280
280.5	90.880
280.6	89.480
280.7	88.080
280.8	86.680
280.9	85.280
281	83.880
281.1	82.480
281.2	81.080
281.3	79.680
281.4	78.280
281.5	76.880
281.6	75.480
281.7	74.080
281.8	72.680
281.9	71.280
282	69.880
282.1	68.480
282.2	67.080
282.3	65.680
282.4	64.280
282.5	62.880
282.6	61.480
282.7	60.080
282.8	58.680
282.9	57.280
283	55.880
283.1	54.480
283.2	53.080
283.3	51.680
283.4	50.280
283.5	48.880
283.6	47.480
283.7	46.080
283.8	44.680
283.9	43.280
284	41.880
284.1	40.480
284.2	39.080
284.3	37.680
284.4	36.280
284.5	34.880
284.6	33.480
284.7	32.080
284.8	30.680
284.9	29.280
285	27.880
285.1	26.480
285.2	25.080
285.3	23.680
285.4	22.280
285.5	20.880
285.6	19.480
285.7	18.080
285.8	16.680
285.9	15.280
286	13.880
286.1	12.480
286.2	11.080
286.3	9.680
286.4	8.280
286.5	6.880
286.6	5.480
286.7	4.080